H01225	15609246;20847235;16601864
H01740	25944497;26912466;23434115
H00262	17470131;17963270;19120526;28286691
H01598	24755997;9529340;24695602
H01492	25475597;26826434;20175839;25777745;21691743;24387049;21061100;19758208;23541012;21184655
H02275	22545070;24014508;9004140
H01140	19635868;19635866
H00974	2788922;19927164;19421413
H00113	18577459;22016569;21856826
H01504	27008848
H01610	16153321
H01821	24387991;24387990;21412974
H02090	28406212;10884712;3227291
H00983	19141165
H02181	5422556;10746614;16502425;16770780
H01986	21649642;22753041
H00871	21749991;22023289
H00136	17689147;16797010;15465426;18782459;15207834;15465424
H00344	17353895;15726416;14737177;15337986;21616456;17548585;16728267;21585261
H00470	17652215;18945719;15146390
H01954	19625727;24499211
H01883	21932319;25495845
H01499	22682194;25526781;25614735
H00391	22482714;21488828;22483665
H00458	15828709;26340333;23438589;21248745
H00848	17572444;19515850;22065524;25728773;21324166
H00045	22586144;25689919;23237225;25619712;27021395;24828360;24987821;25341008
H01384	12210792;20513108;16080118;22616202
H02255	23687502;24768550
H00767	15121775;18328979
H01622	26099554;27345156;26739298;26585271
H00394	7730801
H02169	24913602;19935664
H01276	17357080;18494042
H02257	7233424;26891460
H02382	23383720;28100473
H02115	22152683;2770382
H02166	18374605
H01351	22022284;20970105;24319291;11774073;22448145;16672289;22958904
H01089	16380293;22154849;21637013;15258093
H01695	23766045;26627523
H01952	8598869
H01617	20352454;16318688;19597009
H02027	22247861;16985909
H01184	19779737
H01959	17878207;15792865;14678799
H01612	22160037;23668666;21825979;26137205;25611051
H00203	19122680;11500062;15771551;17034877
H01371	21675912
H00109	17162365;16304363;20798128;18424339;17952897;15096561
H02096	17458872;18536048
H00281	18202827;18708002;19472408
H02412	30555034;25212680;28642604;23896413;30078497;22289493
H01616	19295212;23538602
H00212	17190629;11173209
H00569	14560308;15630421
H02299	11746047;28317099
H02016	2355960;2137287;9150157
H01289	15108285
H00335	21315973;11981970
H01759	27542511;24476525;22477542
H00552	16887896;11032329;15630421;17406644
H00878	19525954
H01416	24837566;24310908
H01113	5410815;4139985
H00251	17684392;16424561;18042646;17468186;17551472;15863666
H01819	19812426;23044011;15592994;25839329
H01635	19306526;4930042;193431;2192873
H00387	19793452;1313312;20510749
H01349	17160907;24299452
H01093	18514575;25743009;19597007;12590662;19623916;1822923
H01508	22842859;23821214;26928905;26470903;22687949;19939701
H00361	23088834
H01607	27297803;22962879;11352287;15317441
H01877	26754479;24824131
H00741	21856041;19119129;19631310
H01235	24958846;28255014;22133774;20162250;26280575;19552682;12578987
H01154	20888928;15952923;17547624;16686673
H01485	24784135
H02217	26088880;11992121;29539279;15258581
H02261	27666374;27666370
H00784	17095700;17392831;18297070;17609203;11564167;21919222;12705872
H01523	22231303;15284122;18194074;19399471
H01290	18817903
H01652	26016669;27148560;25822272
H01602	27041798;21649454;25133039
H00519	26420734;1971141
H00198	9042911;16176880
H00794	12736278;17584767;21470988
H01814	28407396;20219704;26820108
H00989	21266802;18952432;11449109;17471106
H01022	21714867;9300800
H01155	10553995;18592125;12428130
H00402	22094080;20801001;20674795;14733734
H01755	23546041;28058401;21248745
H00099	17162365;9737224;19423742;17960151;10758162;18424339;17952897
H01721	21207195;18502098;23806563;25462583
H00233	1449176;17655694;16162639;12161364;16098078;19408192;10973259
H02133	23222957;3344762;25331754;26927810;29159459
H01001	2929661;19574260;8862632
H01966	11940090;18280854
H00950	11668108;19274792;8529684;16492441;20190753
H02293	26437029;26424145
H01940	15668445;16702877;20225018
H00120	15894594;22958903;21496624;23359570;25825463;17030669;24556084;19019316;18769252;15121789
H00904	21563328;19836010;12208849
H02264	18347294;24207119
H01329	29204222;29685479;30587784
H00068	15513454;1634041;12464728;3201231;8755941;16942541;8240102;19001017;7760326;16829155
H01800	28327570;19464398;27804958
H02366	14607788;30926972;21950986
H00412	22171125;12000599;22252919
H00024	19406209;9498904;17384581;11018010;12878745;15660110;15149739
H00190	22516612;21882227;12217952;15214748;18806117;20524212
H01580	7946525;16911372
H00968	1642277;17924334;10482879
H02087	28792876
H00184	15024124;9612070;11145114;21308989
H01427	20301403
H01069	16196464;20526844;21504403;17334747
H00643	21054511;16129001;11369996
H00443	20236123;15625620;20339250
H01163	20610591
H01368	11579424;21412973;24462369;25175347
H01211	11930274;20425298;11071498
H01597	12761367;27224246;23192925
H00410	19667185;22701567;18436708;11979019;15774581;20226046;16369531;26073777;17426099
H01726	27458560;26921911;27356907
H01347	20649546;15466014;21944974
H00699	18313359;18367042;17504518
H01968	17088085;24589341;19776401;28567072;19717292;15661034
H00320	17309745;21546717;14501997;21896079
H00351	2056624;20358033
H00641	19504607;11528512;12070241;12357472
H00188	10775527
H01993	15964893;25966250
H00010	9414264;15031034;12965277;11607813;12370633;12358886;16155016
H00067	18852343;17596984;16805775;15896810;16942541
H02380	2165585;20949620
H01568	24065355;24916641;11484200
H01831	23731915;24483620
H00042	2790826;15639402;12154354;11604478;12826827;11253051;23777544
H02211	22464250;21651393
H01457	9661650;25419235;25949073;16120858;26648684
H01976	12891679;9497249;12145747
H01434	18796626;17182750;19625716;16968692
H00612	16332362;21730848;20174677;20431268;22156576;21655191
H01249	16828325;11916321;14732903
H01531	10330597;11825779;2249914
H00397	11729067;15923040;11585790
H01739	24389146;23946629;24379699
H01152	20701576;22246486
H01250	28686854;19633868;11868160
H01406	19603075;17375201
H01646	27497214;25602134;26572745;23737423;25159460;26885016;24856550
H00746	19571750;20634695
H02226	27426734
H00925	16148061
H01266	17951468
H02294	27991732;24614070
H01570	26475694;20085714;15210883;26769607;27058447
H01214	10467273;9442063
H00046	15218306;15887157;17069969;9498904;10564925;12556326;15660110;15928434;15744742
H00400	18820572;21859271
H02056	9878557;26350512
H02367	23064379;27123486
H00639	11424132;15805154;19504607
H01215	11286501;10441586;22548404
H01693	27407276;24424187
H00814	25085631;21269699;21436265;18179881
H01687	26021771;26111208;27358683
H02077	15557460;18179896
H01124	18024216;18485777
H02105	9207799;17595246;23562752
H01479	26749192;23375540;20625121;25310208;26555695
H00003	3713721;12464351;16236521;9055951;12194988;3865372;10502596;15660110;6786872;16757428
H00615	23375655;16304440;19853237;17408482;22901946;27693231;23958762;18252228;24319098;24858907;27843125;3150442;21990045
H00967	12431986;22198319;12032136;12802337
H00827	15854031;19462465;14632188
H01109	19864672;21350122;21727188
H00487	18203197;15454107;18492670
H00992	22933543;21998596;17921644;12640452;25105364;24389050;3300331;20522431;21983783;18157127;21131973;26595769
H00553	11167112;19022009
H01015	20706282;19200525
H01650	23540594;25797172;26173987;24434358
H02126	25772936;16116593
H00276	19097920;1883197
H01198	18480181;20335586;24401050
H00832	18567359;22027213
H02242	15127738;28306229;10051163
H00311	19622057;20051846;19917208;12734447
H00209	17717039;12539963;17989919
H00870	17236141
H01204	19332571;21885617;21812104;20199520;22892528
H00063	16927298;11927664;21683323;25253745;21321808;23001565;17590087;18317266;25065913;19890685;25070513;19050414;17390258;12869811;10525976;27583304;30284037;23280838;15876340;14585172;25062847;17620880
H01277	16722557;10080186;12590260;15738392
H01712	12724633;26430449
H02349	18241073;30728324
H02203	12721955;24082663
H01704	27460341;26568939;27014454;27064040
H01789	27132593
H01896	25672305;23785305
H00090	17162365;8874200
H00514	15523624;21567934
H02162	27394647
H01882	11708390;25655905;12669065
H02004	10805328;8200987
H00166	15941404;12243726;22461475;26744459;16420244
H00692	16722554;21103682
H01442	12396847;12528083
H00853	20381006;20454682
H02305	27087320;23451234
H01638	25479151;16880448
H00675	12624140;12632327
H02360	29740950;24207121;26677509
H00352	20708091;21461659;18291339
H01127	17442906;16767100
H02064	9133349;14991055
H02235	29127258;24268657
H01396	24581742;22377813;20591301;19409525;21048783
H00852	18425797;19864492;12968241;1610048;25748484;24073994
H01710	27421219;25558707;22424193;27238624
H00374	22131115;17668552;19374195;9675641
H02136	22956686;24449431
H00367	8380053
H00016	9448210;12444391;15489140;17530489;17163423;15552776;9524432;17258495;18096889;14996286;15580114;17646865;14693233;12767868
H00445	11708863;2300123
H00034	14713256;15887161
H00726	18806880;17986293;12688839;17653038
H00224	17109744;18081445
H01144	12324938;22099546
H00205	12169017;15679822;15868469;17347916;17055079;10904262
H00532	14639529;18446851;17670762
H00196	10066814;16176880;8702702
H00816	8554065;12368912
H01571	23322711;25620203;25620204
H01188	10571017;21259410;16251947
H00782	20159115;19765682
H00056	17158517;16631796;18414205;18802446;19679070;17082447;1303291;19524503;12788204;18370236;7651536
H01448	16790250;24467873;20336805;8512538;16824483
H00962	19203578;17940005;19372751;21426255
H02291	10232633;23189188
H01241	17436238;16103912
H00637	16896345;21199695;9207801;19938096
H02233	22865833;26374271
H02280	26365339
H01501	20463245;26398538;15636375
H01657	28181337;21691316;27932480;20969579;24500706;28117080;25961457;17537341
H00510	21892160;9096751;20301770;16906565;19790289;25391829
H01862	22863393;15728199;2212001;11602629
H00855	10869115;17300748;12837695;20068592;16424565;21342803
H01621	25082294;24951762;24912571;24951767;24355637
H00758	17596985;16152649;9222963;17483925
H01008	17847009
H00057	15390068;25662902;27090875;15760766;17499497;16024878;17582365;16009383;12953260;19419854;19729209;12496759;19297401;19182805
H02059	9202122;15472169
H01982	18550408;8651281
H00247	18328987;15608505;23933118;24931355;15864278;17024155;17037976;17030811
H00810	19469843;21276947;18976727;21549339;20739785;19243074;21710140;20301774;22961547;25954030;25401298
H02082	22265015;20014123
H02220	23423674;19057675
H00124	12019216;19595619;18708002;16854371;15647514
H00713	20803657;12668598;19407494;14997421;21282187
H01585	25271314;26696796
H01766	17172462;17525175
H00244	16789629;11588148;17595244;15711092
H00961	28046031;18097987;29499165;16303937;21067486;21695473
H01196	17215883;9808632
H02036	11549703;26147833;17327381;15928241
H00915	21182496;21692602;21301339
H00624	9500542;9806540;28195083;27785268;24614073;9419367;26888176
H01283	11550227;10417274
H00819	19352439;20393116;12789571
H00923	16528811;16763901
H00734	27494380;16935789;16436457;15317751;21439540;23549421;28173123;16481150;28575648;18341575;22246504
H00975	17376232;9015109;1962726;10659345;11447008;2855916
H01176	16135568
H01044	10813467;16735167;18074151;14970098
H01641	27146709;25686388
H02308	21906047;26216346;17893117
H02180	18094050;10465109;12107442
H00801	18544034;21163914;26854927;25434006;23910461;26838787;11511117;20301299
H01984	17603483;19416762;20535210
H00261	16879033;17389183;23349226;24128419;18371931;9643292;20512146;21898032;26595381;21763481;21462283
H01253	9280841;10773385;17854805
H00809	21922598;19191227;25691535;19469848;26046367;21444903
H00554	21181071;22275001;20579534;21532774
H01994	16311711;11175283;16950819;19267391
H02061	27754803;23841731;8090165
H01489	26879448;24727937;24784135
H00278	18455741
H01844	20869035;15988748;22581610;21990102
H00346	16635083
H01493	25582037;26321403;19022534;25672301;26892661
H01426	21422882;20456456;20212993;11345977;16048718
H02348	23317772;23814198;12354781
H02002	10554820;20015879;16227998;14296416
H00457	20889364;23509104;19568269;18500342
H02324	24253444;24556085
H01466	19923578;18048021;26600980;26339135;26284562;18836448
H00036	10564927;17263592;10564925;17241811;17786474;12829666;17327929;11378650;11950895
H02155	11279527
H02051	28722981;10973259
H01281	12189593;12812989
H00440	12928486;19623215
H00452	18313966;15489854;18986450;19634844
H00597	19206178;15630421;20556796;19859664
H01536	22432670;27086158
H01888	23063620;20358613
H02122	25282101;25352100
H02042	27258166;17447113
H00347	8993862;19220334;20358033
H02089	22922033;4238825
H01213	17562004;20594224;19803550;15696852
H01677	23240096;16773266;23042809
H00229	16530854;9287233;15020275;10068648
H00505	10885578;12357475
H00792	15216543;20967465;24239381;21473985;20512159
H01690	24470666;26500867;24549239
H01671	16472910;17143082
H02307	17878207;15792865
H00345	18427245;19387343;20306281;20463251;16614249
H01949	17928598;19699667
H00864	18794888;17003809
H01227	19923578;11385576;19890111;26600980;26339135;26284562;22236434
H02159	25385754;19910034;21360512;11590390;12522564
H00296	19661064;18430459;17571213;12200042
H01268	22649802;22292090
H00789	20537579;21976959;11778802
H01306	17236128;18957431
H02178	4855169;2737668;7920659
H02145	27210743;24250268
H00731	17768091;19070573;21051419;19808477;27066836;18634977
H00401	21171875;21963675;21524347
H00598	15932923;23065160;20688619;21183788;27490115;11750731
H01747	18042262;16443854
H02362	22243967;26677014;15048894;16417554
H00948	20810651;19926891;21810765
H01919	18823727;14722918
H01314	27366177;28846362
H00291	18543054;18583934;17357087;17440703;19478477
H00504	17942008;7630403;16021471
H00211	15747119;11389486;18061062;16019461
H00660	20301560;7493032;10633129;16571647
H00101	17162365;18424339;19102804;11964737;11701548;9737224;18177777;17498436;11594510;17952897;15096561
H01548	21994755
H01660	25200809;27512182;26514823;11720179
H01664	16980119;27089322;25230088
H00015	17375514;15691231;12883236;15660110;16216411;15955137
H00041	17630560;15334644;17142074;16062089;11423257;15578080;15760280
H00207	11478383;10227689;10553003;15679822;26220973;17055079;10904262
H01545	16607002;22565316
H02271	25561519
H01424	21323542;12087516
H00169	15254223
H01087	18854484;17402277;15567581
H00116	14616060;16400612
H00840	19012351;20727516
H02361	19966779;25865495
H01907	21396577;17726072;11431138;18303074
H01432	17998451;22258171;15824261
H01543	7840443;10479119
H01614	18018485;26092297;26785838;27123473
H02041	24891338;24172257;23643385;27829781;23579484;21695231;23830514;25741866
H00994	12572852;11110715;16720461;19396465;9585586
H00530	26477546;22863007;24360807;26096313;19668216;21108387;21633164;22282472;28965847;22152675;22425360;20615230;24886560;22883145;26595381;24166846;25118024;22246503;28625504;21725307;27208211;23012439;21258341;26167768;26714646
H02188	8317503;1770531
H01405	21935642;21829716
H01780	23771340;19917643
H00472	20720557;10861676;17059372
H01119	18340504;16434239
H01137	16223954;15715975
H00144	11461186;10973263;18708002;15570434
H00620	19513095;20831741;16274491
H02334	28562391;26769062
H01203	22128238;21150024;21081970
H00064	15175861;17889645
H00971	26063662;19927164;21912902;9662398;20454696;19887631
H01402	23010866;22366787
H01802	28163422;22640635;18570204
H01480	21677885;22894573;26834454
H01057	19597010;15825144;8448317
H01552	19297404;25598039;16390612;26062604;22354166;18660978;12626825
H00710	30528822;25398053;27965375;9843209;12648223;8747585;9784050;28575652
H01891	21092923;17571074;17159980;29718187;21835308;22901947;26657514;24658003;18319074;25848753;25205112;27016154;17948061;23418007;26872069;24078737;26157035;24369382;24312598;20826435;19440741
H01985	28415643;22550424;9738572;12640103;25119929
H00498	17418107;11547842;15124103
H01682	20164215;15872203;21087977
H00540	16379592;17936098;17670762;21622647;16307387;20301306
H00889	20301719;17369503
H00146	10571005;18708002;19683538;8782044;14685826
H01482	20826985;23668474;23266916;18931684;24906291;19190505;17478771;19367160;21039783
H00512	17349054;21054355
H00581	18094725;19470679;21071975
H00669	9738775;15210133;10902626
H00002	23023710;27069254;18783329;22449370;22145858;12556326;25781572
H01210	24699222;21397062;20081299
H00987	18252226;19261599;18179903
H02057	20955959;22232210
H00586	20536471;20616732;20507384;15708287;20507631
H00105	17162365;16189649;19481265;14568388;17952897
H01683	14687585;1576035
H01291	16380616
H00141	17767638;10571005;10094192;15647514;11290499
H01401	20419353;15774886
H01066	18826580;21470449;15831828;17314377
H00405	21722250
H00157	16306435;16531747
H02236	19610118;25620207
H01337	19283063;11724825
H01145	18097132;11110675
H00265	22522446;21820098;21532572;16775373;19838196;19917815;24459106;16969157;21194679;16183296;16360608;16399879;25118027;20920666;17915006
H01097	15571623;16301218;23836506
H02156	22290657;29477873;26111154
H02039	15713716
H01319	31192818;30179067
H00422	17767638;10571005;18708002;19683538;10094192;18651971;14517945;8405810;8985184;18980795;16712870;14685826
H00705	17395134;19185184
H01832	24241535;26117586;5249155;27044099
H00561	7847374;20691407
H00406	22303636
H00844	26051060;10615129;15149492
H01586	18510682;18616874
H02020	8265607;23748068;9177373
H01258	15937479
H01774	22445802;12579474;23074140;26751728
H00650	20713192;17574010
H02225	15495250;12724528;17969036
H00907	21910222;29069077;20945554
H00737	16935789;22289416;21191406;22066523;11100033;23534700;27476651
H01486	26879448;23636107;24259184
H01375	17365988;18177777;19769422
H00684	7539673;21326300;7545493;9618173;21890491
H00544	10762523;21396578;17587179
H00965	16617241;17364146;18716613;12952869
H00826	21068205;21696507;21957947
H01327	17671037
H00877	17696175;21062344;20166936;20558831
H01239	17353235;1371116;11309366
H02328	27479907;27616479
H00574	15630421;19888300
H01121	9392403;21479626;21296660
H00589	18197188;20427659;19837033;19837026;20340138
H00700	20181480;25087613;11053684;22818856;18817572
H01825	9556300;24706940;22529034
H01707	26885431;21600492;24083054
H00303	9368530;9211156;21976608
H01782	24813518;22792476;23346427
H00823	11891690;7778600
H00025	1311142;17466899;18548255;18607597;11281434;16569359
H02384	8476236;24827035;31358993;18356555
H02091	9341873;9445165;10077519
H01099	17689195;21438766;21524198;12416233;21034231;22421602;21186993;20491611;17432237
H01809	26903185;24275166;23656586;26706016
H00388	14678525;19177768;20706675;15364301
H01778	15563506;24334604;19305075
H00829	18355210;22077640;21389835
H00039	15268709;16541145;17530489;9498904;14643412;15978322;15660110;17244035;15701081;15468170;16307669;9498901
H02110	17666404;10369267;15512998
H00357	14698435;19707588
H00489	20583174;10352164
H01370	23810382;23810379
H00492	11408757;16807223;16650979
H00424	18567738;11241842;19944693;18708002;17632693;10760463;17064658
H01921	19165920;21735175;23901204
H01600	24092286;15033141;18787878;26942284;19729209;18267242;25186792;23804577
H00862	18794888;21386676;20445167;21277193
H02301	22461142;27512764;26892980;20301471;24713986;27512769
H02407	25904953;28760481
H02228	11694546;21683322
H01863	16782129;15546590;18809833
H00582	18094725;21071975;12969134
H00626	14750104;24676634;19562370;25557779;21756023;24676636
H01795	21567902;23395478;16700052;22077973
H01972	10677297;18322283;16114041
H02118	17438667;21294718;20849990;22211708;6846401
H00841	21110228;12427524;16122634;18416855
H00259	15761540;16980198
H01217	19375894;20507362
H00956	18214787;16900028;15531312;19236704
H02030	9109436;8675635
H01760	21646031;25633903;17552001
H01582	14693013;16745723;24627570;19892133
H00720	21286418;23388215;16409532;10593671;19026859;17498019
H02296	26932190;24664640
H01324	23202498
H01630	27181681;22368623;21532789;24507797;23316351
H01775	22949144;22267240
H00942	21869538;15232309;18717867
H01468	25709744;18512809;25467294;25404930;24072416;17989571;25500434
H01842	25379047;22984203;14706228
H01584	23325094;24424188
H01544	7596373;9018837
H01691	24170533;26612197;21949787;26873836;23194120
H00339	21412916;21171845;17224901;18388640;12503947
H00071	16086449;9610797
H02121	26306646;28440867;22544367;22544363
H01071	20558439;16792555
H00038	17530489;9498904;15785879;16822996;14643412;15660110;15701081;9091799;15468170;9498901
H00312	19713053;18755386;17435120
H00092	17162365;19895994;19043417;9737224;14647478;26482257;18424339;17952897;15096561
H00927	22104167
H01725	12592303;18093537;23942400;22165913;20075404;26482257
H01738	21396583;25795793
H00005	10687725;11491097;18059180;12464351;16299089;9498905;17961188;15660110;16873420;16155477
H01791	18231123;21545756
H01343	15365053;20348253;22374951
H02174	16418600;15273283
H00096	17162365;18424339;17952897
H01498	21763480;24668659
H01301	21109224
H00693	10233323;15949009;10688369
H01386	24139043
H00315	22163356;22239555
H01273	9482572;7668281;11309364
H01084	22098551;21944385;17174401;21778268;20668129
H00901	18200002;18781961;21308987
H01086	20847694;20739055;18798707;21722251
H00076	7664335;17084038;9443879;17603927;14639525
H02345	28969388;28633435
H02100	25439727;26220973
H00246	18684024;16001331;27745835;19092296
H01484	16735711;26131937;18202658;24627193
H00910	14765367;20307847
H00384	17304460;21798462
H00389	15744574;22403334
H00609	15878900;18811725;28742509
H01023	22171123
H02219	24913193;28396750
H02356	11026454;12447940;25959061
H01946	3383424;2334430
H02282	26138499;26041762
H00682	21964978;20507343;17710875;19026396
H00129	18618289;18708002
H00307	19342185;20847516
H02048	16801345;10735637
H01478	21827905;19050414;11461169;15876340;21635785
H01256	9931324;8640214;19590516;24290379
H00077	18267262;17493041;19233037;12151839
H02206	7708681;7755360
H01765	27053925;25516863
H01323	-
H02157	25361962;26044572;24183451;26166481;22791528
H01488	26879448;24439110;22683086;24367057;26293662;23561847;21739589
H01320	24678403;25464969
H02270	18713577;25581579;28003733
H01892	26082661;25628103;26431836;28115372;28622960;27071634;28303495
H00674	16611302;1646049;11369620;19291420
H00480	15630421;27993705;25644381;9415477;23000143;16118346;20473311;15690397;18455129
H02347	27183861;26660953
H00007	16385563;12078906;11142480;15803153;15618006;15760280
H01801	26377239;26333487;18176563
H02300	24986830;28322503;20357596
H00602	17496764;21404100;15761539;11004715;17262198
H02171	17622628
H00215	16195244;18031562;18254068;20634695
H00790	20226437;9188877;21571163;21738991
H00175	16602092;12069539;17951291
H00717	11982762;19558595;17194569;20883380;18627762
H00914	20137776;22102414
H01295	19732866;20018644
H01335	19583835;18538616;17176572
H01654	23320493;24672362;22356325
H00140	18980795;10571005;15647514
H00154	3630977;15719847;8843465;2010533
H01772	26303087;20301604;12034880
H00874	16685654
H01518	22429689;23919604
H00648	11546825;19504607;20301379;8741874
H01674	23090374;26439405;27445458
H01354	19503089;18805359;21150889;23389837
H00591	21288772;23143600;21149563
H01157	18539494;12586984;14735386
H01828	23552673;23273567;27708270
H01222	23246288;26522472;18678321;10353779;21177507
H01236	12297987
H01042	22004037;21095521;21179505
H02154	25759469;19481194
H00132	19224584;18708002;16601332
H01521	26281787
H01929	24847004;2332510
H01872	21815250;25692795;23542699;21271646;25266620
H00522	24677493;22791835;2669482
H00772	20146699;19185186;19005038
H00083	11583484;15635537;15848524;15249346;15690532;15240845;15635544;12089714;11544006
H00838	20074521;25500261;18214786;21217899
H02315	14758361;20301592;18559916
H00516	19249007;11753106;25954033;19583827;16990542;19186243
H02018	18272894;23738509
H01190	19581117;20352340;18956254
H02383	28089922;27811305
H00778	11545688;21538686
H01110	20872980;22343477
H02229	17152064;20598277
H00204	10528859;15679822;17055079;10904262
H02215	18514161;11326275;12891677
H01812	19615863;12458050;21686702;24457189;24269013
H02001	11918557;23479567;23180570
H00959	18214787;19236704
H01437	20301288;23162593;19117870
H01353	14500782;21435035;23776815
H01474	26063386;21865368
H01988	27683237;7874170
H02179	19584897;11431690;15742369
H00187	18038189;12788037;10885542
H01938	22341972;27231142;28789954
H01701	24783044;26765410;23402621;25905212
H01212	11880376;10517635;19164889
H00130	16124866;18392742;18708002
H00916	14532329;15561428;14566559
H01003	11231903
H02086	26912632;23281071;18601960;23910460;24385928
H00493	19481194;12042245;15831077;14566439;12975604
H01000	17660820;18805785;18724932
H01177	12374138;14718703;16786527;16198210;7668837
H00884	21368769;15708290
H02353	17893116;21633362
H00465	18805096;20682752;19325170
H01873	18475095;19129282;26335918
H01380	22143133;20865041
H01088	21829406;11116690;15623792
H01192	18834968
H00123	16854371;18202827;18708002;19472408
H01175	20434383;21195974;21886051;20178486;19246166;16237012;21930571;19447659
H00613	18553566;18848116;21567126
H00614	21208784;20301698;18222328
H00696	10662807;10662808;15708285;15727652
H01886	1609830;21108395;20887961;17937442
H02021	9215680;15096561
H00668	21852236;21651516;5766310;8634459;10515893
H00594	20225017;23401021;21620354;17132147;18974558;17029922;26506222
H00550	11799476;17159076;17924340;18851735;23403903;23133484;21532774;17519397
H00396	21120728;16750064;19815120
H01644	26058027;25284773
H00627	9497258;28175301;29044499;18499083;25062452;26218421;24597867;19465673;24597873;17701902;25437880;16722528;21188402
H01971	11137993;12819471
H00060	12464607;18473821;14585172;9933295;10434299;10434307;10677044
H01072	9152030;22234107;10865200;11781271
H01411	21304650
H02139	17033621;20924400;20137772
H00694	20946626;15086899;15627218
H01656	25919064;10888604;23668525;15708945;20953186;24791904;25679142;24350319;22521418;22903787
H01827	24634784;23622211;23933820;16497722;23933819
H00153	16680034;16531745;14991056
H01803	28231853;23199622;16547205;21234191;25580345
H02144	28972031;27995769;25841028;23656588
H02193	28506676;29480924;15888793;9419367;27265070
H01339	20638202;20865122
H00584	23176819;27798626;20536471;20616732;20507384;15708287;20507631
H00920	19268275
H02167	18986489;11371511
H00280	16958845;16020685
H00657	21310615;19171836
H00670	21890491;21496408;17428470
H01374	22740670;23012276
H02290	26056285
H01763	21653323;18537592;12367763
H00687	11105430;18661360;22510445;3099574;12205104
H00564	23261302;17059358;28041644;23255504;23122589;23040496;23354437;21926394;21496787;29727692;26387594;19606528;23993197;24067530;27486780;23872636;24747639;23891471;23022101;22387996;24094744;24055112;27486783;23849778;21898032;26073779;22581229
H02259	24591628;24619930
H00473	21931170;19336460;22499348;17564966
H01527	26203970;16519780;26008811;26437234
H01027	21397065;21825993;22226084;27103084;23312594;22005280;19864492;18039390;25910211
H01953	11506403
H01106	19141166;21465481
H02176	29261861;12601553;20920735
H01950	141912;17928598
H01417	25540320;15804262;14978145
H02008	11152465;8943248;21960482
H00298	10192708;15721832
H00167	23430527
H00128	16124866;18708002;18050087
H00935	17436251;27392078;21370513
H02200	24808023;18678442
H01409	24072870;23183202
H00340	11827558
H00578	18094725;21071975;18503011;21210153
H01399	9215586;10340711;9650985
H01806	25196541
H01996	15855260;19184109;16574315
H00921	18669893;17901676;1404302;20301779
H01461	24519469;25288371;24624542
H02327	21782149;15523620
H01024	19438883;16525031
H00977	8993967;18544079;20394624;8034799;22115758;1925732;19012352
H00127	18708002;16854371;18465098;17347913;19267410
H01911	27773430;21937992;17618476
H00549	20631719;17924340;17519397;19818949;19948535
H00349	21738814;21412875;20374566
H00628	15937079;18577977;25168382;27884763
H01680	20567557;25228979;17625312;17625311;18442214
H02108	18252232;18040253;3985082
H00119	15576474;11228641;26637979;19494034;19690088;10788335;11901181;24784932;11701646;23430903;23561849;11326280;26833330;16537452;17331980;17356545;22683087;7944531;17220172;26833332;10571011
H00249	15860414;17132274
H00658	17668385;27358180;26637982;16909393;12605440;12428212;20528889;19377476;15630421;28098945;20548336;21575681;19449417;24690944;27545675;18252223;15915161;26166480;15746149;17704778;20159109;27333055;17436253;14985377;22814392;21816345;16523516;24115387;24812067;25735484;26571461;26235985
H00021	15380513;19406209;12681265;9498904;15821467;10564925;15552776;16194700;16339096;15660110;15122209;16102569;19233641
H01255	12325076;16685646
H01094	16926417;7809065;15100311
H02283	17256792;7395922
H01559	26152442;19111679;24578320;26547133;11796235;24424107;20920878
H02218	24291220;17994565
H01226	17661744;10441570;15811011
H00511	19442771;21211617;19361615;28400947
H02102	22158539;22243968
H00900	20301776;21415077;21683322;6507495
H01245	15356572;15577852;16397577
H00014	12711111;16411224;15552776;9498905;12741677;19406209;17589590;14643412;12556326;15660110;17032693;15489140;17530489;21850578;15070562;12082370;11886955;9498904;10723042;23733083;16112428;9358915;22327623;17375514;2831418;17882278;15769940;15322513;12407699;11135223;17244035;17625570
H02249	27061120;25017102
H01718	27342882;27506874;25822554;24701096
H01769	27545680;27256762;27545676
H01058	19559535;16143336;16206105
H00292	12270949;15183628;18930982;11716909;12844200;11273720;16712796;19568388;18572189;15123994
H01481	26323997;24136165;26769228;22389253
H01477	26282049;20123268;22155368
H00812	18192787;21440359
H02164	14501989;19485115
H00970	17566607;2812336;16670179;8719747
H01169	18044042
H02223	23684011;19006220
H00896	21760507;21255897;21880281
H02085	27233227;18708005;17564966
H00513	20922569;17349054;21034612
H00461	15106123;9133358
H00691	15663649;12130905;18571597
H00724	12688839;7493031;9028791;7493030
H00831	27992417;22030388;19578124;25799108;25983243;26004199;20425035;23200863;21907099;23222958;27817865;25296916
H00506	21353196;19878741;22718341;26027498;28817112;23434763;20188343;22482805;20579626;10885578;22863190;20855225;23316006
H01648	24909210;25078507;27329525;25405675
H02244	15373769
H01036	21267618
H01581	23782179;12213946
H00162	15931689;17254005;16996289
H00491	20186813;20301634
H00535	16379592;20537300;26333996;24744435;17670762
H01195	22422375;21846383;19006232;11748304;20452998;20849991
H00507	20008900;18005359;26342108;23329068;25205116;21477109;17785587;18460650;21205863
H01438	24877986;19545378;15994874
H00324	10796680;11226850;21458586
H01998	15138885
H01542	24636947;19788833
H01798	23055945;1284594;27390515
H01590	19246139;15070659;16341034;23100928;16781488;23662039;18086564
H00606	16829045;14734930;27066583;11751020;23934111;24115232;28777935;27616483;26224535;26597089;28334793;27476654;29069600;27866705;27164707;27889060;27270415;27545681;22492991;23252400;26517219;26486472;27239025;27989324;25164438;18469812
H00368	21970493;21748845;21827433;21841300;21056604
H00448	18226555;20137779
H02268	4039531;28345801;23623388
H01345	22740665
H01933	26202976;21929548;25180256;22983302
H01305	19641205
H01923	24204302;26307080
H01794	22715153;27452416;25424711;22265017
H00500	15810001;9674914
H02184	20425821
H02195	28055140;12032729
H01553	27236440
H01666	25634014;24384851;11251578;20537949;24685486;26031299;15817349;25352641
H01318	25870417;10330597;11825779
H00665	14615129;20182615;17467691;21267004;20814950;16364671
H01079	19963421;21113737;19235232
H00738	20798280;9028791;21929535
H01703	24831852;23348361;12740597;27811940;12888803;15389773;22960103
H00115	16329100
H01909	14764948;21979934
H00369	10698157;21120721;11924827;17802896
H01833	26251796;28377884
H02364	27018474
H01085	19136438;15208471;12041607
H00421	18708002;18618289;8680403;16124866;17671068;10339581;18392742;19224584;15691212;19472408
H00079	11172168;17099035;16164436;16395390;17050746;9624291;16581556;18446588;18426614;18301422;12101782
H01679	23558070;2048504
H02060	9537324;17229951
H01252	19508863;18559978;17129779
H01264	16648851
H00174	16602092;12069539;16752391
H01843	25047197;26240113;26971886;25865758;5928011
H00271	18262290;17353897;15863665;24598713;25855803
H01762	25326273;17027861;17552001
H02019	7892197;10580072
H00047	10526058;15343276;11410326
H01665	18543395;21352070;11014956;25315029;10728699;19897383
H00469	21855607;23993193;27448789;23313956;16155110;20444604;22284826
H02230	10841240;17190868
H00548	8211186;15630421;8862875;17295220
H00759	20478267;21856949;20127975
H01983	24088670;16602102
H00575	16116425;20969579;19924102;8023970
H01129	18786632
H00330	16813982;18996277;20825344
H00139	10571005;11322479;18651971
H01404	23064416;22972947;23000146
H00917	21055716;21378561;20820969;21251457
H01038	17157273
H00525	15877203;17347912;20049534;20066495;18708005
H00661	8406497;10633129;16571647
H00775	21458376;20187861
H00761	9771708;22791835;9714015
H01589	9634512;23379544;16865412
H00590	21665002;21496624;15351421;9590299;16760198;27008887;25825463;15622532
H01826	21112221;27450765;20663517;25809843
H02094	28649555;11063735;22795705;15210133
H00028	17613426;17304028;11869089
H00988	11719902
H00640	19504607;12070241;12357472
H02222	24011988;23000143
H00770	19593127;21310273;27259756;20547629;28253535;17102983;26870663;24610330
H02365	24531329;25057125
H00309	21502736;18588496;15280512;16048915;18444865;16008625;16238638
H00460	21782042;10839976
H01513	26310174;15306814;25940424;25621664;23154492;22414599
H02134	21194678;10607960;6549566;21194680
H00836	21382692;21962875;18708003
H00899	17764084;18200002;21308987
H00118	12736397;17273964;19576565;28007989;17716641;23842455;20080937;25066056;10359825;12872255;12684507;12756558;24499211;16511948;23109149;22305527;17523137;20637498;19862844;22492991;15108280;15235028;12905014;18313027;24218363;12414827
H00051	12766578;17071801;17516754;11378650;12951587
H00362	21857510;19285075;20701575
H01937	28295209;28264986
H01624	26175877;12652389
H01618	26845047;25470569;25905378;21976722
H00225	17124092;18574040;17666281
H01004	16684884;11844533;14585638;11689394;18636637;15877762
H02029	28827842;26967761
H00727	18412118;17875913;12833395
H01248	10590411;12739169
H00837	21705775;22842230;20399883;20301475
H01752	16100724;17579672;21653732
H00984	22027563
H01595	18042093;27270345;26850655
H01515	24331532
H00944	22147038;23684010;21810386;20332593
H00740	14708109;9714442;21600032
H00902	19304338;17196932
H01546	22565316;19891877;25626645
H00133	18344557;10339581
H01649	26814963;11930015;10814723;15532024;16195940;20718829
H01694	24597466;27738400
H01956	17667862;15877279
H01034	20447653;20301657;11438988
H02185	23653587;20503334;29100092;19232556
H02346	17463252;30481285
H00546	11376442;20631719;16287139;1397217;20012542;18830233;17519397
H01720	27756835;12081559;1722314;26047685
H00978	21680804;25516138;21606161;25807284;26936507
H00722	12688839;15708285;15538081;19341430
H00301	21653305;15711657;16436702;13679928
H00375	11013134;16317551
H00629	7018242;11090342;517582
H01433	14762185;11001884;22059108;16762626
H00164	17310273;9711878
H00623	11343321;21378989;21681853
H01296	12796555;19078663
H01394	24075184;19380683
H01262	12815595
H01517	17994173;26866211
H00842	17910717;21178278;18317036
H00788	20205257;14648217
H01238	11431708
H00150	17027858;18377432;15673802
H00539	16379592;19668082;12938083
H00867	11101832;26581901
H02052	10973259;11897048
H00455	20037588;20302191;18179898;23664116;22459677;21821450;20170900
H01830	18925669;24458487;24786642
H00779	22279524;20379205;23023331;19423712;16374329;22009552
H00781	21143469;21834823;19002348
H00537	23559409;27336129;23396133;22863007;20652329;11261687;21898032;23793029
H01633	25832858;23303660;27028574
H02025	7904599;9354683;9637725;15096561
H01104	20847694;17227650;21722251;18466939
H00566	11198284;9731526
H00236	18538455;17454194;15642677
H02199	23031282;20493459;17924340;24702954;14681828
H00326	12807686;11176245;19362689
H01132	20008219;20953611
H01159	15466012;11159941;24939590;18989383;27839872;11403040;16826526
H02183	20503319
H00336	14468017;10832675;22120198
H00811	20045868;19309503;24726473;7493032;15930940;17103435;23261301;23487782;19571066
H00359	28649370
H00769	20407582;18707791
H01412	18780370;22306653
H00677	17213838;19102732;15654336
H02256	17849063;11139238;11129332;11091194
H01363	20953793
H02175	17086185;26613581;21256920
H02310	19721811
H00266	21620353;28157540;23109145;20613862;16469273;19056803;26026163;14597333;22232211;19007737;14564668;15786464
H01065	4073836;22042873
H00865	27616481;25055871;23092955;18204449;26908619;22610851;26004201;17701898;24319099;17701904
H01074	17401708;20065325;21163298
H00191	8412015;11592811;15864413
H01692	24143074;23391693;21047224;22562196;25557360
H00835	19172412;18708003
H01643	16140694;26991468
H00202	12367763;12919129;9199558;14995910;16945618;8852667
H01516	25613167;17611971;25286988
H01857	4073130;26813917;18553552;25439729
H00285	4056967;11528384;18718560
H01753	18455494;24027687;24334858;10633130
H00652	19341585;15103725
H00698	25250574;28017374;18367042;21109227;20301465;23746549;24268659
H02214	26505888;25623524;24157691;23542697
H00876	16826164;11586295;11920679;22175017;21769135;15256438
H00647	20691405;21346770
H00366	21342215;21970493;9514102;16098235
H01174	21199752;22436048;26358773;20216094;23114594
H00664	12393545;17222195;20516363;16086671;15054810;10699493
H02092	25712990;8367445;9569178;24065240;10444294;25976955
H01346	19661064;23543275;21050475
H00218	11932230;18193900;17573123;18304008;16554808
H01572	25683117;25683121
H01858	22368130;25981991
H00895	18285427;19557015;19533801;22028568;21834049;20875327
H01889	27374770;21358632;26381604;11477602;26637980;21358631;21358633;13672525;22333897
H02011	19664745;20976470;27392076;12471200
H02015	16088910
H01920	18823727;12376949
H02205	27547915;28013294
H02044	20301733;19079259
H01829	20028339;19327924
H01810	24456932;23394784
H02403	18922484;29633710;29412352
H00219	756222;16470522;17178659;15205640;21497427;16684001
H01538	27154393;25281398
H00846	1785629;16826533;7363910
H01530	10330597;11825779;26304920
H01562	23220825;23613355
H00486	21339215;26751728;20473488;20948575
H01719	25099099;19668477
H02292	24916380
H01603	26445452;23913001;17018542;25538205;24866132;16932426;23229280;25907736
H01293	21748548;21963829;21907016;10973318
H00223	16962914;19846852;15331254;12787534;17024597;18574041
H00745	19571750;20634695;17395134
H01162	21107324;18180086;21642943
H00478	11180221;18627066;15757975
H00217	17575475;16798578;21496372;21075760;15218289
H00471	22121204;26755636;16283879;16763964;12668597;21554266
H01419	25656066;25457301
H00065	16826512;17498694;12175861;16774812;11138011
H01091	15023017;14618981;11336585;15301168
H00887	16431249;16490634;21464714
H01012	21417677;18423520
H01640	24819877;26236472;17613550;25106763;21672608;25205766
H00447	17467691;12618959
H02187	26365341;2741952;7550321;19110214;27213289;28263186;28892125;27236923
H00117	9243228;17027096;11518794
H00796	17958818;20180888
H00667	18830268;18297072;20346438;26160856;21890491
H00093	20172764;17162365;20004777;20189884;7883965;21986549;9737224;21831415;26482257;18463379;18424339;17952897;15096561
H01454	16013401;23469345
H00230	15287938;15121908;15071790
H00337	9416389;18588497;22111470
H00087	11058677;17162365;17952897;15096561
H00094	17162365;12427531;9737224;18424339;17952897;15096561
H01551	17853025;26535808;10799190
H02337	28686853
H00171	1943682;15806399;8463510
H00712	2191710;16679758;9122065;17381453
H01673	8595410;26945534;25176457
H01658	25992801;24461388
H02392	18202441;17149961;29567285
H01751	23865096;24214728
H00701	19953533;18300303
H02140	1149314;5806782;25267340;25359264;24355708;25033069
H02240	25485215;27745832
H01916	16249884;17009331;12673656
H01244	19243569;16276422;16211094
H01041	10421047;10747177;20660216
H01605	23514013;25635755;25124313;17107350;26835366
H00928	15265795;17015618
H01068	6816135;11318807;8170429;3308306;7620027
H01115	20797687
H01900	26992161;26783368;26825290
H01178	21876597;17350494;22114438;2191797;22124072;11216610;22337450
H01391	24207120;23115331;20547126
H01173	16836505;20375004;18936399
H01852	30982135;25717468;28973407;18000979;23160277;26515020;28488682;30395363;21877132;9042919
H01116	22017263
H00183	14739681;10338090;9587026;9587033
H02393	31811603;28774701
H01366	22377449;22348418
H01491	26950113;23623397;16087714;24455211;20639914
H01620	25770637;23618525
H00676	19708017;17344231;16826526
H01915	16912705;14756673
H00847	21271649;16826533;8423611
H01125	18815189;17279012
H01355	23421922;9727847
H02309	12089448;9758612
H02117	24836451;14994231;25152457;5547878
H00573	11102974;10051003;11478532
H00607	18279784;21129722;17503084;23918653;18203154;9398852;19361780;21802064;24549039;25813279;1956279
H00439	20174677;19327581;28331068
H00941	18294355;16324213;20022081
H01230	16951681
H00382	19857523;18262042;27876643
H01240	20309691;21632906;17934360;17827395
H00417	18154657;17940554
H00680	19419448;19061984;17041084
H01566	23910704;18660937;25982313
H00996	15502825
H00538	11752023;20835237;21898032;23683095;26487268;17617513;17896309;15723066;11920287
H00791	2754051;15840095;21914157;21929548;22121283;20451293
H00571	16311597;21931868;20556422
H01286	18394579;22106030
H00951	18214787;16900028;19236704
H01234	22126753;21276117;12653714
H00415	21458513;21932388;19686410
H00649	27049303;16525032;9295083;24714551;21890491
H00299	15880088;16954064;18448978
H00149	15965709;22608501;22073189;18668166;11548735;23297359;14997938;19195801
H01822	15737698;27770719
H00257	15217518;16938764;24035193;14621049;18426811
H01793	22715153;27452416;23236640;25424711
H00290	18343173;19525956;18422679;18406216;25243380;18583934;18724932;19442247;19808788;18693262
H01398	23628343;25895618;20138956;25042691;25908985
H00114	8884571
H01522	23363383;24319020;14747767;16433582;19351273
H00918	11799476;17924340;18456715;14585638;15649947
H01246	18805827
H00869	20838246;17414998;16807905
H00135	15773042;16854371;18708002;10833326
H00172	9546032;23086801;16365091;9266218
H01885	15627943;28502730;24705253;22228622;28086757;22729224;9129744;24092603
H02207	20310007;15986421;20853184
H00888	20924400;12324554;15483460;18784102
H00074	14567959;8252036;16647192;19319678;16807907;12638939;17391648
H00380	18514730;19420159;21771531
H00863	20004766;13680008
H01095	15039974;25466284;22333904
H01632	10631280;15771924;20384546;24416066;14570861;20693568;25039022
H00605	23023331;20451170;24482543;26881968;23122586;11101839;16446920;17236138;18179891;21185009;26282398;18435799;19732867;26805784;19576567;16650073;29961571;25601850;24741995;24958875;27259055;23768514;23348741;20602914;12324385;23122587;22981119;17186462;17226784;16385457;16804542;20346435;18953341;21255762;24387994;29107558;24619944;22678063;16752389;25941349;24039609;20170898;17021174;20137778
H02273	22693284;24738973
H01961	12654965;11592034
H01270	12551903;20942659
H02248	20949533;22229330
H00430	18590993;16642017;18328989
H00476	12687890;11565064;9800905;18328978;11891674
H01661	20043058;23741215;23112520;24781043
H00565	21496623;19781108
H00081	11396701;15030506;12734493;15132715;15049952;16127951;11913070;15135604;15762980
H00264	16775378;25125609;21820100;18215208;15518599;23141294;27390132;23434117;28633435;14685682;24799518;26072516;26991897;20865121;23729695;20301532;25152455;24027061;17595294;26659848;22187985;23777631;25439726;23297365;20220177;12030326;23562820
H00924	16439205;16439204;19223975;20597108
H01187	9546825;16228000;19769464;10851256
H02243	18409203
H01105	16980979;21039434
H00483	8267010;19790289;15173244;12580536;15565340
H02101	21115467;18347805
H00477	11891674;15094116
H00646	17870445;19504607;17847007;6837628
H01676	25061869;17202229;16239882;18203159
H00386	16802617;15487592;17378212;18241935
H02062	21964574
H01670	18374843;27593443;16899354
H02245	15666309;22265013
H01787	17296869;15985742
H01045	19292768;20222897;17160074
H02210	26706854;25105228
H00619	23684011;12389028;9806825
H02277	16571600;4371326
H00529	22019273;21378380;20817137;19760621;20493458;21108387
H00372	10616173;9795781;3319266
H02227	16835913;27426733
H00488	23574375;9158144;15877203
H01978	5559828;26198474;26178367
H00903	21817922;12151881;12587918;21775501
H01764	25237401;19009663
H02351	18317038;26486622;19828265;7999588
H01076	23664791;1715688;1346617;7728148
H00403	18339586;20221251;11710928;15220921;11443545;19809470
H02022	9207796;12897212;10835631;15096561
H01016	19426836;21805078
H00159	11111099;16235041;11927274
H02317	18179883;15932923
H02254	21741611
H00411	8882375;8182265;22008459
H02194	12417987;11045837
H00990	12185364;14598172
H00180	12459313;16134170
H00645	15295921;12140463;21163160
H02023	25052316
H01420	11280197;24678403
H01613	20943608;24687887;24942941;26989204;24577532;25804839;23023713;15684317
H01678	26770421;15338008
H01052	21214122;15792113;16445494
H01397	22374949;19547738
H02331	24417819;23830146
H01194	12567415;10391219
H01631	23644993;26370473;25743769;23863875;26088867
H01870	20375726;6702901;22526350
H00883	15533571;17063986
H00428	12138150;11095551;19721811;17557941;11045400
H02137	20286155;25480986
H00509	21737058;21396581;19225462;19877176
H00481	23746546;21552474;25983245;24791901;22177090;24945461;17896309;17270046;21882291
H00595	20301672;27745833;27484770;17029922
H02116	9222972;25080166
H01563	18928385;15934866;21838892
H00032	15521953;9743453;16557281;16189702;10564925;11165748;16807500;11340615;16831036
H01098	3321358;19238218;18576869;22191176
H00787	17765441;20301423;20850105;19896109;22325361;21920492;23246293;27063057
H02103	22258158;26264232
H00817	21634087;10906521;3321995
H01064	17852931;12941393
H01936	19580635;21278388
H00022	10564925;15552776;11473382;15760280;14643412;17195421;12505369;15660110;15489140;17530489;9498904;15070562;11886955;17149381;10723042;9498898;16474624;17158541;14648102;16110317;14672753
H02333	24456159;18792985
H02131	19153657;22466612;19329487;15486090;22466610
H01147	1600002;21734032
H01537	11384526;3613;27086496
H01895	16116490;24627974;24214656;14699430;26170637
H01583	17334708
H00531	16379592;19079259;17670762;24008546;26483982
H00137	18567738;19944693;18708002;17632693;10760463
H00122	18367479;10679937
H01655	15890083;25149391;23301777
H02141	11062477;20924400
H01181	18339010;15180707
H01033	15379964;27476656;9147111;2103471
H00563	11879882;20108321;21496632;20301609;17761684
H02070	7874117;7757081
H01574	22327515;23334463;23913003;23255827;24463626;25938945
H00617	12457401;21671375;9450875
H00719	9128805;9703342
H00600	15317892;16691591
H00972	19185282
H01005	20301647;16722595
H00966	15114530;16798121
H00986	18252226;22167768;3289375;3430553;19076525
H01059	14970251;19268498;7588825;20407357
H02066	15054848;17994563
H00193	17905396;17876700
H00763	9406826;16225626;9856844
H00287	9212761;11971877;18347298;19290936
H00272	12757705;19124046;18157819;1883197
H01564	23088440;26820816;25598039
H01615	22837880;27372289;27338166;11488427;21333900
H01869	24337657;23729700
H00131	16124866;20385007;18708002
H00284	21362441;16554245
H01385	23824657
H00503	19876929;17547743;10700184
H01506	26719720;26557005;21885692
H00501	15116703;18328981;20703219
H00526	15702367;12453309;16429407;16037531
H00662	14502058;7802039;15054843;19200529
H00355	21874744;21788890;19208981
H00528	20451171;19409524;21108387;21285785;19692347
H00742	21865982;22030598;15768832
H01100	19328508;11528578;17940124;15500376
H00843	19472175;19967017;15681018
H02058	22424600
H00013	12711111;15552776;9498905;10076528;12741677;17589590;15660110;17032693;16155477;17630920;15489140;17530489;9498904;15070562;12082370;11886955;10723042;16299089;16112428;9358915;17375514;2831418;17882278;15322513;12407699
H01838	16760738;22305528;27670155;24266672
H00707	21844476;12688839;12196741;12603866
H00182	16702350;12574942
H00709	18678320
H01912	17963221;25241100;24161472;22729222;22658544;18816642
H01681	17625305;16374372;23100216
H01512	26888790;25827831;26414464;25310214;25430560;22906202
H02411	29878489;19996113;30311069;26849014;27185207;28771058
H00216	18844712;15554890;16906539;18574213;12930931
H02123	23050549;16282976;10189842
H00097	17162365;18436740;19057201;18424339;17952897
H01928	27753196;27830187;28892148;25851998
H01578	20548321;3210443;23222550
H00985	22027563
H02078	18611979;27653836
H01520	26465369
H01856	25878926;19854104
H01688	26023554;17096692;26798468;21946538
H01728	24027716;24439109;25673607;14120686;22698282;27259053;24584572;18947299
H01403	30661772;23815551;22426309;22426308
H00679	16951682;21092922;26545878;21959080;17115121;27120463;26643067;18571143
H01955	20357282
H01781	25644398;16640643;25817839
H02319	22634751
H01209	22911656;19671658;23714752;16446920;20021999;25986071
H00275	932205;15500372;1883197
H00963	18097987;21203343;18474783
H01171	9093256;12879168;12959412
H00260	18493137;12119280;18549891
H00732	11556484;2695876;1559761;16259644;11486938
H00702	19553118;19953533;20303757
H01067	16060714;21921687;11099936;18202436;19926986
H00095	17162365;18424339;17952897
H01606	24461540;24462129;24897986
H00385	18036672;16815457;15955687
H02084	23736855;18553514
H02040	14684690;15769976;15758538
H01242	463877;10775527
H00475	20306736;20301307;11106354
H00603	17647025;12538613;17262198
H00913	15289765;12566717;18788921
H01463	21371258;24438969;18976417;24841586;20118908;18342689;16166283;20568590
H00933	21907651;17238030;16699518;15800694;17204147;18172691
H02316	28033660;19246354;11932325
H01770	23168924;21834622;12960208
H01850	23812909;19449411
H01021	1810733;20417417;20954468
H01423	18190701;16524418;21308542;19114491;19233207;19366363;18201146;22134942
H01861	20678247;22216833;22180641;17360722;27399968
H00414	20880077;17098688
H00168	23395477;10094567;17980020;18680187
H01051	22124745;21801446;22028605
H01539	27154393
H02204	11703332;23300176
H00815	20199539;18940313;18410979
H01165	15554995
H01344	19409520;22373003
H01893	24311540;25394726;830893;28512196
H00939	21206270;21219176;19118303;19782549;20799326;19440858
H00517	17600784;25343988;20087400;23335591;19995916
H01823	20722665;17651420
H01083	3571462;2373090;11168091
H01422	24360201;21859938
H01450	25793616;22911909;21820387;16818867;16642437;19432385;12476319;16585942;26288647;12497615
H02135	27588451;27588452
H00147	17706199;18708002;15172001;12885332;10863944
H01470	24788576;24363925;24718514;23063845
H00562	11879882;20627570
H00638	10535733;20944926;1261073
H01447	11926939;23459093;25419211;26345330;18224271
H01540	23811281;19663604
H01037	23620400;20960469;22264440;21475075;21862976
H01294	15872203;22722264
H02032	25377138;14748801
H00849	20301745;19879361
H00173	15486829;16602101
H01047	21788891;16337431;12932389;16735172;10774460;22312322;10738675
H01579	21381593;26637975
H01561	20228456;23468202;25653995;22576785
H02267	25644381;1746601
H00678	20089978;20089971;17638425
H02306	21549340;22887726
H02232	28328135;25771765
H01361	22313241;21991511;23001405;24566295;22034864;23130328;17088129;21228772
H01965	25176504;10545047;9731526;20096397
H00305	12576620;8748271;12653911;15918786
H01735	22196284;18667106;25173588;19322127;21518582;27059187
H00240	17918133;17061123;18667063
H00431	16609882;9585596;10453738;12958705
H01172	12145748;18810511
H01341	18852439;20301676
H02093	22102188;8384898;2052556;23934752;22886561;21497427;6798442
H02161	12414818;15739154;18435847
H00009	16362996;10190897;14686488;12910250;17387298
H01786	14971003;20610462
H01855	15770587;25944310
H00011	11232108;17530489;12464351;10784387;18499469;15803153;16062089;10350329;19362964;15760280
H00234	17467691;14684694;17245605
H00747	20634695;21556020
H01228	22187472;15232309
H01939	10748407;9428641;9463334;9598717
H00027	12413930;15111296;12886939
H02342	22972638;25803835;23393093;24934289
H00245	11013439;18328986;11033758;11706743
H00416	18262042;20850178
H00689	12736803;18845459;21929966;28388406
H01529	23856555;26535684;15657765;19753173;15179599;21671384
H01836	25984678;8696348
H01918	21513517;11326085;15599766
H00834	19289269;18708003
H01456	25169573;21127830;25342915;25512783;17192491;26438328
H01697	26835148;27454295;20822807;14679358
H00945	19141159;9028951
H00673	20301293;22539340;14598350;19836009
H01462	23347634;23114094;25503461;16705584;17875513
H01750	19449430;20301540;25800480;25606676
H01771	23419760;24119255
H01011	22028893;22170728;16390921
H01362	22811741;21571168;22137227;19470076;23674144;24068131
H00012	16781479;15217712;17131059;16919893;16879013
H01788	25293688;26615353;23799311
H00754	16055927;23918762;27208207;12434311;25597510;27573165;20350831;15719488
H00102	19028607;17162365;17952897
H01699	1971148;17077946;15292359
H00254	12201208;7868072;15928241;17965963;17336732;21292919;9799079
H02073	16043844;21738396
H00515	11448940;8571951
H01776	25443581;22815034
H02107	15042513;25389847;27228076;15937078
H00338	21609252;17640189;15997485
H02313	21651516;23430506
H00765	16080123
H01746	27983684;25029335;25401470
H02279	25298308;16670177
H01807	22197934;23787135
H00256	9196605;18493136;24601690;17161331;18059087;22634753;17893271
H01926	20659440;21110066;27426723;16287139;25523232;21637914
H01476	25062414;19504615;16282155;26318435;26347074
H00982	20848343
H01714	10631150;18046867;11875051;9620904;23257530
H01702	23076843;15265781;12754700
H02369	30503519;16835919
H02388	27058446
H00295	16106325;8793712;18617482;16476862;18190873;19127454;19357408;17575480;11524405
H02404	18203280;30710532;18187778;1576584
H00795	16751772
H01467	25057950;21297251;26364546;26250073;19458352
H00912	18408954;16447098;12352631
H00780	17609203;18709303;21747609;21919222
H01050	12228839;18810513
H00755	12542527;22028575;16150218
H02186	20503319
H00177	15679822;12740827
H01689	21104459;27239355
H02125	29355681;24925317
H00773	28191889;21800092;22426308;21294719;23020937;18060736;19673947;19904302;25232846;24680889;20513142;20890276;23033978;22368300;23832105;24697219;23746550;23159249;24791903;25728777;19012874;21376300;23644463;27108799;29100089;25533962
H00820	9545407;17314340;10694305;11807445
H01773	20301362;26747863
H00348	8993862;19220334;20358033
H01026	21654726;22213154
H00451	16252235;15850991
H01216	21285074;19057090;21638988;19318934
H01440	2196849;21248581
H00026	16508724;14739059;10383884;12583434;15947972;17028294;15188130;17464097;15203746;17198307
H01193	19865099;19013236;22142751
H01663	22609220;24434359
H02153	22729224;22228622
H00360	-
H00521	8782054;20648631;15952089
H02276	23297359;21549341;21820099
H01081	22323886;21993586
H00419	19167372;19162222;19494770;19726876
H00802	28306229;20503305;18324963;15566352
H01460	25968935;17668384;20608959;23312951;20618396
H01731	24491663;18057320
H01981	12189492;16602102
H01672	27461267;23543063;18078632;26848760;26678914
H01078	6902559;21091145
H01878	25712129;25701870
H00151	15061585;16816916
H01667	24076581;24389035;25348790;23245832;18676356;25174961;25768332;26350064
H01303	16549777;2254461
H01969	10556288;20926771;17080092
H00379	18262042;21802875
H02284	9820300;11079193;10896305
H02005	23322652;24367056;22972948;19465911
H01032	20303810;21941437
H01541	18054395;21572983
H02311	12754701;10746556
H02173	20668086
H01730	25638347;26426469;22922597
H01053	18063459;17852463
H00786	20393562;11069461;12754508;22592156;21412954;11994181;23246290;10793007;16307662
H02354	26486622;28480985
H00570	21882399;12002156;15691356;25972376
H00756	9475596;20205897
H01567	25458521
H00441	8126048;11784876
H00138	11241842;17064658;18708002;12633142
H01514	26627294;21887181;9118856;20637551;19682046;24828792
H00785	12445216;16120155;7648037
H01922	26545877;26358778;27040691;24075186
H02006	10676873;15712224;8295396
H01494	12567412;22152677;23664117
H01112	21263450;19513107;20424320
H01231	15871139
H01316	17853533;17667895
H00642	8411061;17682060;16501574;12070241
H02234	17230486;22581230
H00467	12567410;12121354
H01096	15982340;9090535;17550841
H02177	1598912;22698698;20301602
H01382	24552285;16148731
H01761	18701557;27153787;20457280
H01779	27022507;24825732
H02272	8733056;24468074
H01767	25557596;25072122;21393485
H02343	26598328;10424819;30933555
H00958	18214787;19236704
H01992	16143553;23335590
H01848	26288446;22709381;18784603
H00715	21167218;28507500;15468148;15649206
H02128	11487012;11757585;19124046
H00474	17952091;19508970;11200994;15386610;3799723
H02071	18553548;17726487
H01292	19414485
H01931	22197489;28803895;4339984
H01207	15185114;21931569;11173846
H01575	26522830;16901296
H00232	10088641;27756835;21791420;15071792;19261491
H01974	8808603;25574751;11134403;17287450
H00949	22250236;21472892;18325042
H01418	24517695;19820442
H01851	20419000;16264130
H00143	16630736;19124046;16465621
H01636	26937205;26488355
H02358	28318499;31513940
H00879	19136952;20437543
H00300	9105752;16813978
H02400	20529389;20954821;9163838
H00322	15546086;15845235;15353963
H00459	18177473;11836357;21782042;12357469
H00462	8723080;18546280;14740318
H00596	18646567;17029922
H01734	23683351;24960165;12200042
H01698	27708947;25817017;26819753
H02074	12707952;14695535
H00894	17632775;19200522
H02024	28369036;10359588
H02067	12955767;15994868
H02278	8213822;23266810
H01441	11692297;21304266;17876002
H00499	18386804;9557886
H01565	19151162;26004883;16015585;24701066
H01459	25252500;25905398;25171371;26074879;16932298;16461471
H02079	16637051
H00435	30394261
H02095	25355836;23541340;23541342;21464306;15216544;28449065
H00768	21498477;21063731;26566883;25704603;21907012;25701870;24239382;21868677;21937992;22541559;27616480;27601654;24784135;28257693;25480035;17714190;27106596;26416544;24623383;20092579;25125150;23390136;17847003;20004765;18452889;24626631;27055666;17380424;23243086;23620220;21734151;21763484;26206890;26996948;21212097
H00601	15479179;21622261
H00909	21248356;19648124;11559848
H01259	24500646;17587580
H01619	9729004;15049720;12737878;12503718;15005857
H01164	19889897;15243119;19556157;20854281
H00542	28530676;21898032;29706351;21515270;27259053;21079243
H00395	15064032;9796387;16580940
H02143	11004247;11062477;9106524
H00632	20413652;22577226;27616478;26429889;9572118;11471159;9735377;19876930
H00098	17162365;9737224;17952897;18424339;18217895;15096561
H01569	25730767
H00269	16829198;24748105;27519304;25259927;27008544;22983954;23178126;27737959;24951542;30715179;30179222;24656866;17980308;26005865;23918663;21496009;22521416;20950787;15806441;23418308;29036432
H01357	12694213;24193097;19447733;21166814;19834255;21489368;15243515;11173201;20672788
H01914	24285247;18342287
H01935	12704386;12878321
H02213	21850007;29507423;23518707;11914412
H00108	17999750;17162365;16611303;23666743;25213377;18424339;17952897
H00332	19332898;12648845;16161698;22037557;17094698
H00929	20645034;16450407;15146389;15368082
H01796	11407534;27866708
H01496	26987875;12719077;26027496
H00206	17467679;16835861;12861380;17473510;19768193;20020131;11111075;16722536;11792727
H01223	19592390
H01519	22726646
H00263	21633164;29321670;11857542
H00766	12960215;15384883;21050479
H00497	19165006;21794028;20301316
H01724	21994794;19618340;18691139;22300227;23217623
H01507	19591637;24272481;22428451
H01846	17205075;26115675;24670310
H01711	27228511;20428988;23793607;22021015
H01080	16441445
H00043	12612655;14697505
H01006	17186468;19160940;21279474;15596403;14572810
H01263	19726882;16643399
H02163	28167595;29247710;29617280
H00381	21781999;11590668;19460319
H01143	20511055;16939184;20675935;15128933;8201479
H00434	20301335;11278244;10973241;15103729
H01338	18852439
H00383	19857523;18262042;17169393
H02260	20181727;16001442
H00839	22209246;21157337;15905400;16107487;20196853
H01797	24022475
H02338	26917597
H01282	22275165;23582645;22138898;29365104;26721930;21733974;28552195;30929735;17047026;30686508;29606301;25970010;19344877;25899990;24431330;20887963;28905369;28199965;28206990;27640305;23315541;26199321;27798045
H00783	21922598;21858011;19854599;19201561;16887333;25362483
H01387	24136356
H00854	15070927;20738327;20649540
H00957	18214787;19236704
H00294	12270949;19015585;20236114;15931504;12844200;11716909;20551992;20864896;15246023;21965549;19017683
H01410	18263572;16887500
H00580	20301550;20013129
H01980	11524729;11134486
H01884	24268655;18680186;22560091
H00456	10706363;21031081
H00040	15268709;11708952;25451638;17530489;9498904;16652084;15660110;15468170;17627060;16307669;9498901
H00821	21546780;20393116;18462575;18097986;18685559;16998489;17636773;23440797;3718916;16518403;21072178;12160730;21623685
H00969	18611983
H01312	17005776;11871803
H00860	19501334;21292530
H00442	21309066
H02160	22829454;26340333;23438589;21248745
H02098	16385454;16278854
H00890	19110213;14643120;19246366;19246359;21195467
H01876	25934493;8556819;22284827;25115524;24281367;1415329
H01313	22123760
H01943	16924035;17915571
H00881	19652052;15695383;19952748
H00185	15050970;18473344
H02069	18076102;10377013
H00321	7267960;9310640;10081669
H02332	24777739;30459804;30620395
H00020	15668269;16555243;7912978;15070562;15310786;9815883;21139621;15000146;19617566;11477132;12621137;9498901
H01532	21894471;26977282;25151572;25437279
H02049	24283229;24739311;26739091;25853793;26264719
H01161	15079002;20505134
H02046	16441263;23851939
H00943	20451169;12794682;21910224
H02109	21785126;21841779
H00267	17001700;10923031;21802063;18394003;17274816;18695774
H00799	21073448;15968592
H02053	10973259;21210153
H02111	19819542;16940977;19556253;22566635;20473310;24998929;24074734;15121991;25131214;18621663
H02190	23312968;20694012
H01997	7887408;10679936;9686362
H00608	18279784;18811725
H00343	15049077;7489783;7489768
H00818	21071978;19959076;20484339
H01675	19119392;25236931
H00934	12376942;9502040;10955588;16773576
H01135	20499043;14988808
H01102	20956458;21454441;28487882;27742789;19522822;26004339;27588171
H01274	14657428;15928254
H00161	18285838;16207203;15670717
H01304	19033659
H00508	15525660
H01310	17631035;18367042
H00960	20825321;22045388;24094747;26401622;19236704;20964980
H01123	11479731;21479626;20346956
H01560	20920527;21122217;25096447
H00666	15121768;20581245;20051941
H00213	18328985;10737975;17916236
H00547	11470490;7805255;11376442;20581743;15096951;17643447;17519397
H00408	12116173;19369670;18978792;19884899;19232167;17554260;18482868;17203405
H00644	16781314;19504607;19945625;9326952
H01330	3262623;21413340;9727086
H01136	19414808;12560874
H01758	26711694;23887438;24461536
H00716	17993581;20890442;19939300;20583176;17428836
H02038	29175558;15800844;11031100
H00964	20354201
H02289	27486781
H02406	7790476;25992048;8417893
H00363	21350122;21486733;21727188;18279532
H01139	22321996;17114714
H00222	16855369;18564189;16999847
H00418	18327255;22510444;20671153;24488770;20142850;27008867;19252258;24026985;14976158;27486776;22626039
H00110	7704895;21803312
H01247	21704546;16491085
H02374	25165551
H00413	26600216;25071320
H00432	19021896;16955410;17452557
H01941	20648714
H01451	26738840;11018454
H00235	18318771;8168836;2107882;18202104
H00454	19876934;26643951;27158779;24997988;20920500;23523602;23972372;22883145;26595381;27060890
H01558	26675091;20510594;21240254;25002250;24035866;26177319;27001435;26312219
H00757	16206059;16470731;12499951;15464420
H01894	21944046;23462291;25477904;25539947;28356563
H01668	18776058;25031995;20425607;12493146;20645702;16632315
H02068	18000903;7670477
H01743	26206677;23711932;23887241;23000145
H01611	23170934;25278008;26110981;24456374;16534506;25359488;25985735;25408904;23810221
H01510	24891137;17298303;18978332;25385035;26839173;17914089;22851969
H00545	21515270;21790682
H01934	26119818;19760652
H01881	30013181;24812067;19896110;20829227;25059107
H00310	16481501;15196898;14605144;12693856;2378478;22125041
H00555	21532774;10802654;20301285;1342853
H00922	18398855;8160760;20436468
H01509	15113849;18505048;12676252;17205528;25803099
H02286	21480479;18701883
H00423	18708002;10833326;16854371;18465098;17347913;19267410;18157819
H02339	20624953;15520414
H00282	18665151;14476827;11590390;14872505;12483741;11687797;14630794;25438464
H00446	14556253;8664898;6859126
H01925	7192074;17065149;28665435;25468189;22733820
H02391	25574476;28328138
H01554	21922146;23937438;7773939;25315029;24511245;23240669;23622731;25286779
H00611	20803643;20301581
H01847	26724991;27981927;13638337;23602329;4951233;24888387
H01342	15098234;27469511;12169017
H01224	15509590;16652336;14602731
H00354	18510892;11825779;22133883
H01547	14651460;23968890
H00142	18708002;14517945;19568825;8985184;16712870
H00736	19061969;15452860;16935789;11590543
H01332	22653899;15982214
H01947	11810292
H01017	20826270;1872518
H01430	15353966;1647494
H01232	20170897
H02336	30341416
H02266	23867895;23830519
H00238	27500492;26681308;16493006;22232082;18047734;18995829;28691929;19101576
H01887	21258343;8933348;21664996;28301481;6660246;16096999;690758;26789649;2569826
H02045	7627181
H01395	23043144;26094573;20558295;21937588
H01903	24253200;27702554;22864630
H02113	25351951;22405087
H02408	28285500;23508438;22674592
H00728	16972995;1309182;21209740;20301690;22457051
H01686	25343110;11928079
H01505	26335925;25037082;26778717
H01186	16228000;19769464
H01811	20728296;23845172;20301500
H02410	30555034;19996113;25212680;28642604;28771058
H01298	16960801
H02224	16691574;27939641
H00576	18094725;20969579;16864643;21071975
H00551	17600784;21532774;16773578
H01927	25050184;24360809;12219090;28361103;14994878
H01967	11370632;16252239;28067412
H01131	16186812
H02035	17965963;17785368;8013627
H01834	16086394;20673863;20949508;4321601
H01535	26740855;25070997;19889755
H00390	19434035;21945215;12521363
H00323	18755389;16223955;15225980;19358804
H01233	5124677;19304569
H01588	23939643;26635477;26711274
H02385	26738840;22682186;15336224
H00293	19362677;22426942;19205777;17413274;18382419;18001465
H01408	11889109;18524787;21705612;12949112;17488447;15064399
H02373	25715644
H01299	19100526;17168848;21613931;21506748;24032382;26846335
H00155	24589695;18607183;15990592;15657617;24373748
H01951	8447317
H00186	16602094;15694174
H00253	12874957;16713494
H01377	21215266;23914949
H02012	23396133;15253709;25818408;27392076;12471200
H02252	12949965;28335020
H00075	12633678;12700346;17956237;16799769;14974078;17956234
H00748	19571750;20634695
H01220	16194727;16939648;21824574
H01107	19885337;11199855;19597009
H01315	10482289;19733019;2680056;19663854
H00302	10064257;12751719
H01768	19262438;19243827;22695961
H00850	22106187;19409524
H00845	16105087;22693999;9931341;8464497;8097946;16009758
H01745	18042262;16474404
H02352	19828265;29140260;12742570;12911836
H01379	18159241
H02258	24591628;25227914;25326555
H01715	23094151;20875161
H02075	18294254;15453866
H00760	19417549;20301324;21858081
H01472	25721508;19191632
H01010	21555613;20826268
H00559	15611513;12097293;21386872;16818478
H00751	19442771;22019273;17468754;19644333;21465651;21258341
H00656	21310615;17439987;17336526
H02033	25377138;14748801
H01957	19842201;9690476
H00688	23636092;11232563;26903630;18845459;21929966;10470086
H02083	28663233;23161670;21931173
H00908	17958891;21336163
H01867	27617142;28381549;26981222;26235987;23862974;28398236;28161315
H01487	22444671;8893234
H01979	21859730;13762977;22012326;23406318;17961506
H00980	15666309;8574422
H00828	21900959;15854031;7493027;20972631
H01637	25554923;24840268;26044648;23009777
H02146	17377962;27774744;2918541;19576302;24363063
H01490	23730204;25912246;26810535;24424194;16945427;25802867
H01716	26450007;26011188;24032382;24591661;26949346
H02104	25712132;22284829;25093588
H00048	10564925;22922871;19387255;23887712;15760280;12556326;15660110;17295177;21829020;15489140;15757802;9498904;16799620;27508192;11935086;22561517;15608678;20639898;15085488;11285186;15928434;22348534;12149612;21251164;17051452;27895396
H00107	19425169;17162365;16838329;19595300;21109689;9737224;19717292;18424339;18264745;17952897;15096561
H02127	7395825;23623387;18203163
H00058	16503123;19118816;19251628;19567404;16924260;18802454;11239414;15952898;20428114;19251627;16501576;15106121;19081518;26213621;15478096
H01475	25690482;26063386;21865368
H01359	21682750;22085665;20560905;20236436;20176258
H01435	20413652;23579497;19618213
H01378	24462372
H01317	24738584;10875695
H00078	17764635;19638255;14593167;18090424;18596549;17805587;19924424;18631953;17596717
H00774	20146699;19185186;19005038
H02263	25285920;8595410;10839714
H01269	10427147;22371259;20172477
H01348	21763135;17273968
H02314	19116240;16705068;22968487
H00830	21835371;21471096
H01853	26539716;22115375
H01899	26283516;25594880;17111266;15717286;20862559
H00946	17701896;20380929;20301738
H02329	6961921;12777476
H01601	26769771;25869285;24766435;25461779;23065407
H02124	29655802;25913036;24103465
H00019	16702400;15489140;11407945;10955772;15552776;12459728
H02014	24911150;15279810;10612394;15269180
H00409	18762020;19749172;18782870
H02031	16247064;23455423;27990419
H00485	20301418;19918918;21496006;25817016;17256787;19790289;26924530;12011143
H00100	17162365;19811314;18424339;17952897;15096561
H00241	17557941;11045400;17657093;12138150
H00398	-
H00201	21653323;11117426;16385445;18537592;8829650;15574461
H00919	17163528;20547159;16550171
H01311	21901636;16182469
H00061	14744440
H01824	27033304;11471171;25574826;25808063
H00655	18273731
H01284	16282977;16282978;22219183
H00764	16953888;10673328;9464278
H01573	25915598;23994350
H01122	20623372;21632797;5218289;21496372;21075760
H01904	17033964;25772934;23122588
H00891	25787132;23084291;17873122;25754315;15505824;24827421;28777931;21786366;24119684;17160893;23814038;24161539;25434004;23499752;23849775;27799064;20362274;23596069;25629079;28942965;17033963;22492562;20598281;21169334;27132592;26626369;26189817;25058219;23315540;26522469
H01201	11803487
H00568	21496635;16876389
H02142	9187673;9452994
H02298	26138117;27108999
H00468	19790289;15805157
H02201	25512002;4725145
H00851	17994231;18283415;10080184
H02189	27107091;12707950
H00319	10943406;19879977;20109046;21204863;16522501
H01182	21696988
H01364	16176262;22579592;21347589
H01840	24612975;25663568
H01356	24338029;1910259
H01989	8696350;18247426
H00072	12925875;9399911;16574315;16156009;16854608;7853374;10679936;12529507;16843025
H01369	20566710;18953340;7668837;19188198;23599390
H00227	19327586;17666371;19388932;16822462
H01736	19666519;15649947;27025216;12947506
H00882	20961246
H00194	15711436;15571219;18067674
H01393	24056717;22469822
H01591	26098203;26243346;25414046;24384849;22124674;26276366
H02099	10655068;20821052
H02355	23543054;21298075
H02281	25329695;2401610
H00556	17299439;15235037;20363513
H01757	22900900;25712943
H00999	25658047;26084283;19966907;21540551
H00053	11679947;12599237;10516379;10955458;11378650;12951587
H02081	25073711;9529347;10486316
H01400	25895618;19707277;14085036;23628343
H00334	11794152;16902214;23574121
H01837	3955865;19824895
H00743	19571750;20634695;17395134
H00268	19136950;18379572;23472759;16724181;19120042;25521378;27773428;21529752;18201775;17997185;25560765;18685874
H00625	19344874;27321946;21911943;26416033;17552940;24449199;26387593
H00739	17273967;17940283;18445049
H01073	18565779;9332516;22325004
H01158	9736769;21272494;9445480
H02340	11932268
H01741	23711932;24131530;25017460
H00112	21301658;16700236;20014951
H02148	9062355;9452994
H00433	12668595;15096952;12436037
H02120	28087737;4591551;2406598
H01082	19963421;17436247
H01653	19922550;25497471;18689287;26388529;23361832
H02209	14638969;12058097
H02325	27195816;24076603
H00195	15571218;15196008;11243733
H02274	29271071;26942288
H01642	16281953;26381503;21930831;26456375
H00875	15832614;21419380;14572144
H00833	23269600;21550835;20853438;24360804;23176820;20882425;21480873;29395073
H02054	11013440;16386929;1634606
H00091	17162365;15661024;9737224;26482257;18424339;17952897;15096561
H01392	24031089
H00752	20491771;19953814;20556892
H01905	22607279;24989505
H00308	21177133;17853628
H02359	16645280;29670817;18698610;21840889
H00711	20803658;20573229;19407494;21282187
H01237	16234925;21803516;16140720
H00762	18698629;9678701;15602087
H00210	17382611;17272992;17717039;17276780
H01035	14556245
H01717	26396053;26273799;22960967
H01376	17674260;25913037;24123981;16404586;23565775;8266994
H02151	27144914;16912702
H02212	23517570;20727515
H02197	12649063;22628558;25748677
H00453	17637804;15141091;11409867;8558563
H00616	20174677;19463982
H01942	15452297;10384399
H01880	25817018;22279524;25344692;5936364;25320347;27650967
H00686	17352387;20301721;21507892
H01449	20575652;23128921;18334614;20694122;25591046
H00604	26197441;13680526;16446920;21610158;12471561;10471490;12123480;24211385;15141091;11709538;17503326;25816005;26196677;22038834;12324385;25759012;15015131;26522471;23936043;21722859;11175790;18674745;25589040;12736868;27657680;18616530;24729539;12014894
H00450	12579474;198844
H01063	15575039;12821817
H00533	16379592;23972370;20345718;17670762;20870325
H01594	21180568;26600875;23252892;21387385;24530233;27103470;26376969;11231638
H01608	17878433;24413637;26914922
H01684	26925200;26357617;20127368
H00317	16541135;15831829;21558159;20192686
H00420	16826530;19494770;24848981;20049731;19162222;21345103;12074822
H01103	22245800;18193338;17562108;15187777
H02378	28017373;28017372;28017370
H00587	20536471;20616732;20507384;15708287;20507631
H00088	17162365;21548011;27016798;24140114;22236429;22035880;9737224;25468195;24746753;26279205;18424339;17952897
H00793	20618321;21967010;20817924;15558713
H02251	18076099;22267198;27432940
H00037	19008039;12170781;12039929;11007039;10516379;16365729;11378650;12951587
H00633	18653847;20801148
H01407	21304645
H00634	20801148;12395297
H00001	27069254;18783329;22449370;19357394;12556326;25781572;23023711
H02198	22158542;22962692
H00892	22211147;18507830;19462466
H01700	15519252;18174732;17077946
H01202	23531866;26788539;17225135;25804400;24549050;20159981;21436445;21778275;17296892;22415731;20624502;21636066;21779674;18035564;23288985;16440058
H01302	21035102
H00630	22704962;23998731;27338350
H01756	16740155;21189955;21248745
H00997	17033969
H00399	22129374;17126960
H01913	28073926;15782410;15024694
H00940	20461111;21865173;18655112;11477603
H02047	21706002;16691589
H00866	15645389;26996949;25612912
H02037	27381597;8450064
H00192	9153281;10844591;29723117;14624414
H02055	14616765;7565971;16386929
H00145	10571005;18708002;8405810;10571008;16944277
H01528	26411967;22042175;23983836
H00017	15622457;17069584;11565671;12951586;15914317;17431955;17383866;15455377
H00106	17162365;18374984;19481265;19162547;17952897
H01421	16287683;12967504;16704792
H00588	20536471;20507631;12668616;20507384
H00592	16884488;21496626
H01279	16857760;12359132
H01815	23526554;23086397;22690784;26333769
H00981	16491382
H01469	24486858;22244264;22224470;23830324
H00082	11396701;12734493;15030506;15132715;18550875;15049952;16127951;15135604
H02246	23704329;20842734;25703627
H01439	22608712;18398435;23018576;11124535;20089974;12073013;23401415;21655442;11978965
H00744	19571750;20634695;17395134
H01149	15591271;22224469
H01431	28850717;25350067;28487882;26004339
H01381	21401902;19141163
H02285	23835272;10947204;21863277
H00449	15512999;19338053
H00704	17110089;22001477;19080757
H01054	1693887;14699358;15776778;19104739
H01908	28681861;15150779;25848803
H00893	20738328;11841538
H01647	10706157;24803929;17956558
H00425	1883197;14756243;15647514;19338743;9074757;18401176
H00663	9217218;1605246;19020898
H01975	9608564;23401021
H02150	29668857;28942967;27789573
H00111	19397806;20014951;21945101
H00373	17661673;16288402;6304185
H01148	17267638
H01818	21463272;18424028;19589774
H01729	25741605;22875587;23733905;25678299;12086238
H00708	16960809;18049449;7929942
H02147	9452994;9602200
H00733	16935789;16481150;18341575
H00243	12138150;11498583;19721811;11045400;22266938
H00527	15563868;21295282;17296890;10889272;21233585;11239245;9751768;12356837;11176989;17896309
H01062	22196208;22025021;19951231;17409220;19843232
H01557	19031953;24707153;26008857;20537949;24372769
H02172	29862063;17167404;24852644
H02250	29689137;27912044
H01436	15958124;25738052;16271648;22850724;12439896
H02288	24026677
H01111	12858176;21325058;16817821
H02297	18798326;29446767
H01413	21820096;25132448;26299364;21565291;22307742;23522784;22883147
H00697	21310615;20874719
H00080	18068856;16932712;18305268;16168709;15355751;12835292;16941108;15248202;16373251;18075789;17699298;18028758;15380523;17307106;16093831
H01500	14747370;22570338;12215904;19479701;22761629
H01360	19476051;21784174;21783242;21913195;24535140;22053313;18360551
H00370	15167073;7551117
H00750	18280351;20672378;18984066;12215835
H01733	17314245;12200042
H00911	21123949;18195088
H02262	27616477;27122014
H02065	11570921;8528239
H00577	24699222;26299366;14985377;20196795;2502382;25500575
H01325	25233694;16582679
H01365	19458970;8016139;17562939
H00438	20500450;20836191;20301376
H02253	23621916;27102954
H02401	30720249;31647916;12692099
H01183	20835854;11358373;21285901
H01784	24205717;25732519;22129523;10638209
H01932	15103726;26119818
H02237	10996775;8004104
H02304	23561848;10963100
H00331	11871491;16575232;16445720
H00134	9252398;15561802;18413370
H00407	20064629;17347916;16376506
H00947	15606674;11708952;10192393
H01897	24670168;26789871
H00252	11793119;16580609;17908859
H01991	11248247;9585583;11977182
H00378	21601050;14959767;22440925
H00429	17557941;11045400;11095551;12138150
H01367	19732863;26073778;22607940
H00631	25574841;22885700;20727427;18996922;19793304;19842212;22633399
H01804	18801496;25301428;21577108;21144646
H02390	22961002;13636890;31088288
H01609	26940892;26414893;27253658;27198954;18463341;26438969;16750462
H00179	17692550;10371384
H01429	15684450;17471037
H00725	20126594;15890322;19026859
H00496	16088165;10710235
H00200	16541364;16176880;17964839
H02165	26963018;2849373
H02076	20025984;17934076
H00356	20521158;22029525;12686887;20689422
H01060	18440005;18755385;17691604
H01428	11710928;19809470
H01783	26395651;21815254
H02192	9500542;15300568;22229830;30148122;20955958
H01465	24893935;23949338
H00170	15485525
H00804	17768033;21051878;12761039
H00277	23133618;17890332
H00953	18214787;16900028;19236704
H00086	17162365;18424339;17952897
H01280	16134148;15385440;15548604
H00979	15977017;17409324;18470923;19363325;20734338;7936503
H00534	16379592;17670762
H01358	23439055;22586797;20070141;21518425;20109730;16815133;24354911;23473856;22962911
H00242	11780687;19007435;15980941
H00885	22150346;15708290
H01464	24559208;24974852;26755518;24857076;26103436
H01101	17994020;22063272
H02335	26537248;27545678
H02132	30121372;20950787;24656866;17980308;21285510;22991235;28630177
H01596	25065299;18653248;25195700
H01924	24073196;15730904;18558468
H01061	20152790
H01153	22347516;15146106;15027603
H01593	23499310;12908099;14999526;23644456;26194148;24088043;14727154;9675109;10927613;18992858;19920351;19760059;26010450;27340321
H00557	19648921;21309044;19401719;21739576;16780467
H01906	27748098;24268661
H00729	12725451;15123648
H00807	15843070;18754913;23086396
H01390	11166160;9924029;12825077;19667227;21993618
H00805	12963616;10942434;18309337;16043844;18179896;21072067
H01108	12732446
H01990	9279764;18000976
H01987	10090896;11179021
H02138	16358214;16358215
H00371	18655013;17446135
H01383	24079281;24529145;17664376;21945105;24253857
H00031	14534338;16278609;15192054;15070562;27390604;10564925;17135036;26040571;10448115;24649067;21898546;19088017;17464097;23000897
H00906	19631308;20424861
H01197	21388369;22108709;21310276
H02379	8727130;15577753
H01898	25480986;24355708;27866050
H00479	21447328;10721676;12357475;10901979;17400792;8579897;9916842;1867263;19615667;16832578;7701349
H00998	15286158;18498393;14667076;8496742;17880649;22850527
H02387	31303265
H00376	20978089
H00898	18304497;20598274;17056637
H02080	21035103;6507479;22246659
H00859	11968094
H01662	17174708;24326166
H00221	16304051;12717434;18391077;19141160
H00541	12675839;12634862;23396133;27392076;25738250;12471200
H01732	11180221;18627066;20211139;21592595
H01040	2918525;20453517
H00178	23893049;16368216
H01577	22863194;17353225;11565522;26188006
H00797	20967465;2738902;16532399;17394201
H00228	18406222;15660507;15561674;20439494;16162884
H01002	22229486;15940697;19229237;22209248
H01503	19466966;14748801
H02168	19429912;24697860;26148450
H00567	9537420;11251997
H01372	17637824;22835073;22117610
H01075	19796186;21738392;21448066;12015278;27218149;21633242
H01963	12668614;23340516
H00520	8791509;12453309;15643621;21332586
H00018	11315254;16154715;16997151;18381231;15660110;26073375;26267324;15224192;15760280
H02350	29956681;24224009
H00176	17092750;19801636;17342190;15167059;17603264
H02370	23230001;25948378
H01048	16307491;16150452;18725803
H02265	10053007;25751346;9036939
H01706	17497713;15732511
H01599	19243381;20071982;16184589;19630574;24726650;26475367
H00163	18336562;9529368;23430917;8782815
H01445	22114965;21880356
H01970	19425169;22289921;21109689
H00723	12688839;26945534;8595410
H02377	26573021
H01028	21290785;22541557;11148543;20298553
H00199	9266350;9718352;16176880
H01321	25343039;24313448
H02003	11935326;9399911
H01013	15161861;21912254
H01944	9529348
H00008	17530489;12191637;12464351;15803153;16062089;15660110;15760280
H01118	22176657;12835509;12975295
H01696	16752349;18846316;18279759
H02202	25357034;21703590
H00560	19298904;16604369;19054062;11756149;18800149;19116367
H01275	19494218
H02119	21793738;28502730;23992099;15372514;6873112
H01117	15994876;17330256
H01785	23244255;15643620;12163945;19727322
H01526	22270467;17394019;26962263
H01502	11000325;22117835;21635716;12038948;22870445;26937373;26809028
H00857	18499550;15042511;21416598
H01267	17701893;16357843;16356235;15161766;9435328;21378225;9571255;11489939;15356046
H00103	17162365;19758139;17952897
H02312	8896573;15717202
H02241	15077201
H02043	28687708;14639529;24168113
H00073	18676167;16156009;12597053
H00069	16337419;19625727;11949933;11506403;17552001;20357282;11949931;11949937;15877279;11949934;11949935;11949932;8447317;8598869;8655128;17027861;2334430
H02326	30982611;17726694
H01352	9739053;23868323;12621125;14630990
H01805	22444670;25976726;23302111;24108068;18304370
H00066	16131416;18332251;18541113;16437559;11470957;18195271;12898286;15312277;11890854;15655259;18413475
H01444	19383684;24585051
H01018	6602353;21533187;20577567
H01799	5050327;26841242
H02398	31953166;32015508
H00274	18401176;12509601;1883197
H00085	17162365;19302039;9737224;18424339;17952897;15096561
H02376	27964749
H01999	16049940
H00126	18708002;23400823;17644022;15464415;12633142
H00152	11264985;15599566
H01156	18297069
H00936	18192286;15883926;9571278;20621975
H01576	21217752;26346816;26951490
H00558	18997784;19401719;21204221;18348262
H00931	17030597;17287404
H01625	24102033;25987945;27144003
H01902	18452888;21664999;23680354;26560304
H02097	21765413;5129551;26971401;21765412;22102272;21765411
H01014	21459073;21126898;9516692
H01495	26932948;25609993;15564826;26810620;2635549;16699291
H02010	9326324;22613355
H01483	17077948;20720589;25470569;16118335;26815903;26136383;12670296
H01090	6377443;20934531;8863040
H01166	21960744;21524965;21719938;20434794
H02112	20092598;22068589;23929081
H02371	29288087;25232744;30250039
H02381	24838796;27094131;26656649
H02009	15024738;10790206;10570908
H00466	12567410;12124730;9288098
H02357	27668699;12953275;22522483
H01629	14042045;21115876;10908215
H01020	28969390;27495975;25351951;18222990;21731710;19268652;22815638;19327736;21112411;26593267
H00777	19110212;19002453;19050402
H00484	16532400;7428777;19589401
H00463	18449898;10749657;8740138;6789651
H01524	9781025;11339371;15703190;24198816
H00181	16010683;15868465;11181649
H00231	15071791;16730867;18341630
H01092	15353961;20189454;15771680
H01029	8929947;9228241;9591953;10802664
H01019	23040497;22119737;19068246;17497254;15176428;22422768;20301466;27861123
H01308	17632510
H02106	17018662;15331564;23869016;11136233;15703762;17566090;14530391;18000969;25673413;29736163;22343897
H00239	27120771;15044642;15056980;12920401;16785747;10787448
H00730	10940383;21512816
H01179	16553319;17350494;21703785;11348517
H00270	15996530;24056535;16724181;19120042;18201775;27694961
H00776	21423867;22065086;17397053
H01473	23000940;16687695;24098819
H01167	17827295;16617373;17082400;20826638
H00156	17593519;15630634
H00393	21251690;16287683
H00328	21777993;21852539
H00329	8269390;10742691;15771198;20375358
H00714	10369869;9326398;19939300;12615358
H01170	20970105;21450511;21665375;22307627
H00771	20146699;19185186;19005038
H00873	19068278
H00572	20301332;20101700;16380922;8291532
H00579	18094725;21071975;18160688;20818663
H01287	20431009;25098561;22305526
H00160	18611256;10940349
H01511	22997594;17949810;23243287;25443885;24675021
H00392	25456746;26385305;9973285
H00618	17552940;17408482;16304440;15666299
H01219	15201162;20617149;18646564
H01723	27572888;19630821;8568483;27766050;17060659;22287864;19784750
H01962	21248746;12966029
H00494	19853239;24581741;7977470;20425819
H00798	8309582;9831348;19756731;9052822
H01049	15956447;15184495;21270217
H01251	19918125;15642904;12135964;12112044
H00543	18371931;20007846;23686967;17605805
H00158	9162740;16709953;16543491
H01261	11406349;10036327
H00165	18422479;15531838;16602095
H01705	24331736;20301607;26944135
H02158	19876929;9399901;23220543
H01128	20863163;19043417
H01328	25135079
H01180	17689488;17339054;17683515
H01708	19091295;24843807
H01709	23357434;22877431;22169965;21732837
H01199	19074352;11111094;15767853;19041386;2022742
H01025	19822006;21884696
H01229	17434305;11889243
H00279	16406777;16100859;18616559;17458672;9551528;18482721
H02303	28054173;17451405
H01265	21552264;15843405
H00214	25620749;20137772;18214537;15470265;17117305
H01007	3217283;21990040;11135453;22059144;21970783
H00721	20236864;21734245;18669862
H01350	23282187
H01205	10781881;19952297;17048007
H00273	8703060;1883197;18239127;14756243;19338743
H02208	11479594;16437574
H01497	21129728;24269551
H00886	20301732;19089858;18553518
H01278	18408718;20704562
H00059	18466116;17217424;16829072;15480847
H01307	17041604;21665001;15113589;22211385
H01126	20425568;19965550
H02413	15420445
H02330	6153713;24262094
H01130	12944416;22277927;11097607
H02386	16088461;19773651;11797173
H00930	10998475;15841208;17991432
H02028	27733303
H00718	12464997;14997421;12807965
H01055	12566820;21158627
H01995	18325013;8596935
H00518	11940090;17189938
H01160	15888615;20157829;8528262
H00495	15525660
H00404	16961667;21351281;16502203
H01425	18708002
H00286	16221758;17200669;19923578;12843021;17068223;15107849;11385577
H02000	27896107;15712224
H00524	20460441;21454511;20505684
H00049	7805034;7817937;11229517;12890805;11378650;12951587
H01973	883676;19126631;14709845;23678225;13061573;13022759
H02341	29576899;19718767
H02363	30281152;28692176
H02321	22101682;22371254
H02375	27799408
H01744	23160206;23798481;23104095
H01742	14645853;14657507;26044129;15282206;19439304;17332414;28105338;17357071
H01555	24811434;26009549;27163912;22234254;23476782;26716756
H01039	20416867;20977119;19632900;17055817
H00427	16704771;19623064;19886891
H00342	12121000;20206579;16519730;17147011;21420161;15482144
H02152	26595536;14332157;11061796
H01333	20373368;20648472;20684021
H01533	19067628;11930023;22084515
H00690	2220819;2667510;17525176;7612552
H01414	16418520;25075225
H00991	19643772;19839044;15368497;9800908
H01659	22703878;20184391;22508269;23286804
H00327	22360386
H00610	20174677;21131976;15930015;19027870
H02026	23802516;23222959;7673400
H02405	15275382;10897362
H00283	12000905;21084112
H00685	19732862;11822703
H01645	12927435;27038492
H01218	19811314;17195838;20004777
H01221	16652336
H01849	22766677;23904047
H00006	12670461
H00872	15888111;17041932
H01550	26118981
H00316	20192686;20528691;18221181;22398248;19585782
H00938	19630775;19598070;19609524
H02239	23664117;28882145;15211654;18513683
H02149	9452994;15558518
H00044	1311142;9372374;16607677;11281434;12947531;17255774
H00954	18214787;16900028;19236704
H02287	24011989;11992258
H00654	18273731;20812380
H01748	25217959;25217960
H01958	10543397;16216942
H01260	18268355
H01754	26362256;17935505;24346169;21248745
H00695	12483299;12603845;15708285
H01326	17671037;24231751;20961813
H00084	18503983;12394168;17336259;15931364;17976248;17784964;15245422;19000150;12359826
H01871	28401057;28424865;20721562
H02088	27476657;11932989
H01874	24966624;22675285
H01651	27256304;21860693;27330464;19668445
H01455	26548496;25745004;22158285
H02318	29575617;17041600
H01628	24520562
H01322	23110991
H01141	19248653
H01133	20522425;20800400
H00482	19327734;18554391;19790289;9696728;20170896
H01626	26272221;26632166;23364237;26370316;22142554;12886046;23749750
H00208	12388192;10091414;22232210;11013440;12480568;16386929
H01945	8889589;7603526
H00055	15489140;15763643;8189372;17530489;9498904;10723042;15552776;15957167;11016683;9498905;10764231;12536308;12853099;17646865;17032693;9498901
H00333	21921933;21415743;21672083
H02302	27938502;24322718;22807084;22648938;29251405
H00255	22335740;23643382;18987492;17624596;11397842;15722618;18985070;22229029;22927827;25192046;19129711;23503957;26194704;20887964;23650335
H00297	-
H01200	20159436;21412973;25339201;17187620;21457908
H00651	19504607;27838789;12823289
H01634	25955624;2892567;17956071
H01525	20054531;25123577;12644781;22368650;9268629
H00824	21288095
H00226	16722529;12487785;16427383
H00932	18059268;19077465;21323990;16492714;12360463;18604651
H00062	12470181;18473821;19405197;17984063;14585172;12161529;17334372;12189162;15133611;17359355;19066230;2062380;1449253;18775514;1303283
H00426	12019216;19595619;18708002;18339196;18202827;16801539;19472408
H00125	17279083;18708002;16854371;12633142;19318041;18940466
H00437	26849110;12929927;12362049;20875342;11771666;10615125;12124406;16831914;18328984;2460988
H00672	15113283;15086549;17803606
H02320	26136523;25116801
H01373	23894309
H00237	17164339;16942586;20116044;18671700;24829207;23812780;24942156
H00905	18200002;20377526;18195088
H00364	19352182;22424297
H00585	20536471;20616732;20507384;15708287;20507631
H01388	24195502
H02399	26259797;25883507;31612525
H01749	22559284;25231866;23200862;17950653
H00250	30324792;25670821;16740880;15554885;15863666;18174723
H00523	21396583;23791108;23875798;23312968;8317503
H01151	20152619;15000562;19880635;21617535
H02216	24684814;17159113
H00593	11822024;21109228;21825984
H01138	15266234;9394191
H01009	11868161
H01841	27288783;23772250
H01879	25810209;25574841;28359930
H01685	27729952;15954109
H01859	24002164;11669352
H00706	8151643;15952212;15482471;19939300
H01185	16612982;20697050
H01866	12446270;19118230;23312620;24292273
H01864	22584702;25470569;16728643
H01930	26173930;26954065
H02295	21820097;24909267
H00052	11892024;15677980;11863218;10516379;11378650;12935923;17192915;12951587
H01639	24927773;26050551;26125255;25578564;24366116
H01331	14972061;20331803;14522753
H00635	26394807;20132240;21850189;12386836;21985185
H01845	18501694;25480037;26366375
H00289	17204043;16501554;19309689;16462743;16540529
H01288	15475955;28553959;21552266
H01046	21295679;9754779;16679166
H01860	15684903;6267989;24722134
H00358	-
H01031	11458707;10684912;14987367
H01604	23758833;25641317;26299472;26175404
H01168	16094309;11095479;9613982;17510534
H01556	25744347;19194129;17110285;17460514;25485306;23463172;24289126;25857641;21529177
H02013	11032329;9302256;9719371;8651297
H01056	11301585;9347221;20149289;9347222
H02409	21929882;18560636;21736477
H01030	7821908;18204449
H02238	26924529
H00653	11706995;20979188;16571647;12203987;10633129
H00350	20171542;20358033;11681143
H00104	17162365;19758139;17952897
H02322	2176164;1322359
H02129	22077972;4382958;22198807;24909464
H00897	23023333;24989451;28092684;24577744;23564332;27392077;21368912;24766809;21749694;23911318;20920667;25832664
H01817	26428751;2389793
H00976	19927164;7511848;16377059
H02344	23217327;8666389
H01948	9384616;17689125;9215682;24389071;7874115;8733134
H00035	12633526;17250957;11607824;16096383;12560386
H01271	10935639;11389161
H01727	11446680;16258218
H00806	21395569;11572947;20196795;20371507
H00753	20560209;23313374;20560210;21332471
H01790	23691404;19606488;20301440
H02050	10662808
H00220	9576178;16476093;7590506
H02372	31303182
H00683	17186469;12121551;14126263
H01722	20083416;18276083;25466283;28805828;30427554
H01813	19589458;16249883;24614520;25284032
H01890	26691986;8485574;15342701;5442145;26744326;24163680
H01150	20394459
H01120	20690116;20206334
H01285	12068375
H00622	15852474;12389028;16470743
H00825	11913893;7952338;19373677;14767656
H00306	6371440;19555903
H00858	21504454;20659777;19122663
H00681	15264991;20929727;21495993;17958790;21192260
H00926	19559399
H01816	22037860;15523657;20137777;23140272
H01737	20536471;24007552
H01792	26345236;18245432;20301370
H01549	19335238;21450816
H00536	16379592;20967782
H01875	17208542;25241093;22907522;27610342;28056491;14975986
H01043	17264501;20739055;21734243;20801094
H01917	19842190;21129721;21290788
H02247	24334604;28306225;24334769
H00621	20174677;20231366;18439547
H00288	17911435;19339884;11464238
H01910	24894456;28512196;18074145;23731542;7284977;26632798
H00189	11465067;24429551
H02007	12215968;9482441;24655110
H00583	12833403;18197188;12655643;25412741
H02034	23143598
H02196	12210795;17603797
H01415	12473810;24958990
H01865	22387013;24989131;14114021;23670161
H00353	21958583;21903253;12872317;15547252
H01669	27479950;25702624;26163537;9708607;28277829
H01443	17588233;20810781;10720803
H01977	15322983;17548557
H01189	21119539;19401148;17613166
H02269	20495013;10588218
H01309	19116920;19467619
H00365	21942600;22944008;21970493;24906668;23242894;4361958;18541820;10213894;24142852;21483260
H01389	16177225;23419467;18294203
H00749	19650351;19734086
H02170	21825993;25719200;22005280;24431331;18039390;24993872;22095910;24075189
H02389	24700542;22782511
H00377	22348291;18165217;18297443
H01243	18181206;17805246
H00054	17530489;16140628;12450731;15958470;15552776;15510157;12176778;12450734;17033133;15760280
H00029	1311142;10955808;12605639;12605088;19286150;11281434;16062089;11156383;15203746
H00070	16838075;9012409;17001680;9973283;7670469
H00050	11826189;11107170;10824918;10516379;11378650;12951587
H01458	26143432;23460010
H00197	11392513;11042421;16839792
H00341	18754792;15489344;11548186
H00464	11175791;12215822
H00973	14702087;19818506;17826834
H01254	19141155;21692854
H01713	21303426;26888742;20981447;25618845
H00659	16333834;9508238;20301454;8563763;23023332
H00955	18214787;16900028;19236704
H00803	21088294
H00148	26352813;9705237;9367797;11347090;18776925
H00325	14769288;17901634;9204307
H02063	10482955;24598000
H00023	10749107;9820318;17683189;18042148;17414640;9791864;16095047
H01839	25865758;27413799;1342861;25434003
H01114	24412933;24462371;21655361;18408502;12721955
H01334	16463088;21114623;9762812
H00490	20672367;17401271;18264100
H00004	11529849;14982876;15661271;15265366;15719031;16299089;9498905;16873420;16155477;10403855
H01868	17850623;10387935;24867995;26258302
H01453	19819022;24616177;20623919
H01134	21436099;21208904;20137775
H01272	11470490;19298922;12798584;18276607
H00735	16935789;18341575;16444271;26770148
H01964	2063877;11879882
H02072	26458481;7833911;16189708;21421862
H01808	21824570;22341151;24614781
H01835	26541977;23495356;10515161
H00314	21832882;19287450;22085175;12150701
H01070	17873048;21450956;8139467
H02323	25261934;12503110
H00636	14872406;20709709;20301453
H01206	17900274;19141167
H00033	17934868;12466322;12920217;11281372
H02221	29302025;21910240;18385497;21312325;22922874
H00868	9220188;12089654
H00880	16882194
H01960	19901254;17878207;15792865
H00436	20301306;17997709;6702897;17936098;18606301;16307387;20855225;22499339;17632511
H01257	10407778
H01471	20170968;20382171;12107533;8801295;8078021;17584927
H00952	18214787;16900028;19236704
H01340	19949035;20301676;24334769
H01534	20631130;24899192
H00444	9842992;19079258;20209645
H01336	11719806;20865802;22496910;22824062
H00995	20630065
H00861	8988180;12970316
H01297	17187067
H01777	27857801;16927315
H00993	21474761;9800907;21990275;15372530
H00304	20980793;3325012;2194406;22244051
H00089	17162365;15100664;17293536;26482257;19084105;18424339;17952897
H01587	23015284;12350365;25535423
H02114	26385635;19344448;15852396
H01854	4538283;24706454;23709756;24878828
H01820	25592387;11115848;24012779;26130139
H00258	10559665;15134805;11174838
H01077	7814500;8815118;7857806
H00502	15739154;20301638
H00030	11486705;10471054;15168959;14739059;15489140;12797857;11281434;12612656;15552776;17390375;16062089
H00808	15101828;24928908;20727515;15115768;15048902;12612585;18756473;23280796;18754913;20196795
H01901	21461873;25870690;21791690
H02182	18930476;11805270
H02368	26220823
H02130	19370764;16630736;15633164;19124046;16465621
H01452	26196024;18495013;15241433
H00937	18478155;21664234;20374734
H02231	24702266;23167593
H00313	16641429;20715920;17266725;23908295;22123763;20107499;24409175;25070493
H00703	19953533;21288719
H00813	17542886;8185366;20438980
H01191	15496426;15806396;21370724
H01446	21511767;22374954;15286373
H00599	11889179;18279784;26771056;21963259
H00671	16796630;12130905
H02017	8357844;18758829;22789865
H01142	10403852
H01592	24316908;23955938;24942936;25972318;26494384
H00856	22522442;22028385;19917815;23141292;17564964;26078401;22703882;24207122;20170900
H00822	24439109;29100091;15888565;16731295;22698282
H01208	21397064;17847006;20562896
H00800	22772368;18544034;19883511;23824657;21785848;21217753
H01146	21414403;16465618
H02191	19684605;28211982
